                     CLIMATOLOGICAL SUMMARY for year 2018


NAME: Sant Pol de Mar                  
ELEV: 20 meters    LAT: 41-21.60 N    LONG: 002-22.20 E


                                       TEMPERATURE (C)

                              HEAT    COOL                              MAX    MAX    MIN    MIN
          MEAN   MEAN         DEG     DEG                                >=     <=     <=     <=
 YR  MO   MAX    MIN    MEAN  DAYS    DAYS      HI  DAY     LOW  DAY     30      0      0    -20
------------------------------------------------------------------------------------------------
2018 01   15.4    8.8   12.0  197.4    0.0    21.5   03     5.8   12      0      0      0      0
2018 02   11.7    5.4    8.5  275.3    0.0    14.2   15     0.6   27      0      0      0      0
2018 03   15.9    8.9   12.2  191.2    0.0    20.3   12     4.1   20      0      0      0      0
2018 04   18.3   12.4   15.4   89.4    0.6    22.7   04     7.3   01      0      0      0      0
2018 05   20.7   14.8   17.6   40.4   18.6    25.3   27     8.4   02      0      0      0      0
2018 06   24.7   19.0   22.0    0.0  109.2    27.7   27    15.9   04      0      0      0      0
2018 07   28.3   22.1   25.4    0.0  219.7    30.2   25    18.4   22      3      0      0      0
2018 08   28.5   23.1   25.9    0.0  235.8    33.0   05    19.3   26      7      0      0      0
2018 09   26.0   20.9   23.3    0.0  150.4    28.6   04    16.9   27      0      0      0      0
2018 10   21.7   15.6   18.6   34.8   42.0    25.2   24     6.2   30      0      0      0      0
2018 11   17.6   11.9   14.6  111.2    0.3    21.3   11     7.6   27      0      0      0      0
2018 12   16.4    9.9   12.8  171.0    0.0    19.9   30     6.8   30      0      0      0      0
------------------------------------------------------------------------------------------------
          20.5   14.5   17.4 1110.6  776.7    33.0  Aug     0.6  Feb     10      0      0      0


                  PRECIPITATION (cm)

                  MAX         ---DAYS OF RAIN---
                  OBS.               OVER
 YR  MO  TOTAL    DAY  DATE   0.03   0.30   3.00
------------------------------------------------
2018 01   1.92   1.18    26      3      2      0
2018 02   4.48   1.56    05     10      6      0
2018 03   5.04   3.32    24      7      2      1
2018 04   3.96   2.16    11      7      4      0
2018 05   4.12   1.82    13     10      4      0
2018 06   6.38   2.96    07      7      4      0
2018 07   2.22   1.34    22      4      3      0
2018 08   2.08   1.06    25      6      2      0
2018 09   1.80   0.90    07      4      2      0
2018 10  14.40   4.76    09     13      8      1
2018 11   8.10   2.56    18     12      6      0
2018 12   0.44   0.22    13      2      0      0
------------------------------------------------
         54.94   4.76   Oct     85     43      2


           WIND SPEED (kph)

                                DOM
 YR  MO    AVG     HI   DATE    DIR
-----------------------------------
2018 01    5.3   61.2     27    341 
2018 02    6.0   53.1     21     15 
2018 03    6.2   80.5     24    312 
2018 04    4.7   64.4     11    317 
2018 05    4.1   49.9     05      2 
2018 06    3.6   33.8     12    232 
2018 07    3.8   37.0     22    235 
2018 08    4.0   46.7     09    236 
2018 09    4.7   38.6     26     43 
2018 10    7.3   64.4     22     25 
2018 11    6.3   53.1     05      1 
2018 12    4.4   59.5     14    343 
-----------------------------------
           5.0   80.5    Mar    354
