                   MONTHLY CLIMATOLOGICAL SUMMARY for de febr. 2020


NAME: Sant Pol de Mar                  
ELEV: 20 meters    LAT: 41-21.60 N    LONG: 002-22.20 E


                   TEMPERATURE (C), RAIN (mm), WIND SPEED (kph)

                                         HEAT   COOL         AVG
      MEAN                               DEG    DEG          WIND                   DOM
DAY   TEMP   HIGH   TIME    LOW   TIME   DAYS   DAYS   RAIN  SPEED   HIGH   TIME    DIR
---------------------------------------------------------------------------------------
 01   14,1   17,1  12:48   11,8  02:51    4,2    0,0    0,0    1,3   32,2  09:08    219
 02   14,7   20,2  14:24   11,0  07:00    3,6    0,0    0,0    1,0   22,5  12:27    255
 03   15,4   19,7  17:03   12,4  08:07    2,9    0,0    0,0    0,5   14,5  23:59    289
 04   15,4   18,6  11:01   11,9  23:56    3,0    0,0    0,0    1,8   25,7  18:32     13
 05   11,5   15,1  16:12    8,6  07:24    6,9    0,0    0,0    1,9   20,9  08:05    355
 06   11,4   14,8  14:17    7,7  07:55    6,9    0,0    0,0    4,5   29,0  17:02    250
 07   12,1   14,6  11:36    9,4  05:10    6,2    0,0    0,0    3,0   16,1  14:28    279
 08   11,8   15,2  14:13    9,0  05:08    6,6    0,0    0,0    0,8   12,9  08:23    327
 09   12,4   15,3  13:17    8,8  05:57    5,9    0,0    0,0    4,4   29,0  17:40    259
 10   14,8   19,3  14:22   12,6  08:42    3,5    0,0    0,0    1,4   22,5  04:36    266
 11   13,8   16,1  11:51   11,2  03:46    4,5    0,0    0,0    0,4   14,5  10:51     73
 12   12,1   14,1  03:24   11,2  08:47    6,2    0,0    1,2    1,6   20,9  04:32    129
 13   13,4   16,1  14:59   10,9  07:56    5,0    0,0    0,0    2,1   29,0  13:52    238
 14   13,3   16,5  14:43   10,6  06:03    5,0    0,0    0,0    0,7   14,5  14:54    281
 15   12,6   15,8  14:13    9,7  07:49    5,7    0,0    0,0    0,7   14,5  18:08    246
 16   13,7   15,7  12:23   11,4  02:22    4,7    0,0    0,0    4,8   37,0  11:17    235
 17   14,3   16,6  13:27   12,6  07:51    4,1    0,0    0,0    1,7   32,2  10:22    256
 18   12,9   15,3  13:21   10,3  09:16    5,4    0,0    0,4    0,3   12,9  13:26    218
 19   11,7   15,0  15:31    9,1  03:22    6,6    0,0    0,0    1,2   17,7  07:02    347
 20   11,5   15,7  15:44    7,5  05:50    6,8    0,0    0,0    2,0   22,5  12:52    253
 21   12,7   16,5  15:01    9,0  07:00    5,6    0,0    0,0    1,0   24,1  14:48    243
 22   13,0   15,4  12:42   10,9  23:13    5,3    0,0    0,0    0,6   17,7  07:09     24
 23   13,2   17,1  13:18    9,0  07:21    5,1    0,0    0,0    0,9   19,3  11:36    248
 24   13,4   17,3  14:10    9,9  05:50    5,0    0,0    0,0    0,3   12,9  14:30    233
 25   12,1   14,4  10:47    9,8  06:08    6,3    0,0    0,0    1,5   22,5  11:13     65
 26   12,7   16,9  13:35    9,7  08:25    5,6    0,0    0,0    1,8   32,2  16:56    130
 27   13,9   19,2  16:39   10,0  05:20    4,4    0,0    6,8    3,6   41,8  06:50    260
 28   14,0   16,4  11:09   11,6  07:53    4,4    0,0    0,0    1,9   25,7  14:52    231
 29   14,6   17,2  22:12   12,8  01:50    3,8    0,0    0,0    2,7   29,0  14:55    239
---------------------------------------------------------------------------------------
      13,2   20,2     02    7,5     20  149,3    0,0    8,4    1,7   41,8     27    252
    