                   MONTHLY CLIMATOLOGICAL SUMMARY for de maig 2019


NAME: Sant Pol de Mar                  
ELEV: 20 meters    LAT: 41-21.60 N    LONG: 002-22.20 E


                   TEMPERATURE (C), RAIN (cm), WIND SPEED (kph)

                                         HEAT   COOL         AVG
      MEAN                               DEG    DEG          WIND                   DOM
DAY   TEMP   HIGH   TIME    LOW   TIME   DAYS   DAYS   RAIN  SPEED   HIGH   TIME    DIR
---------------------------------------------------------------------------------------
 01   16,4   18,9  14:42   13,7  06:53    1,9    0,0   0,00    4,0   22,5  13:16    240
 02   15,8   18,2  15:58   13,6  02:55    2,5    0,0   0,00    2,9   17,7  10:53    231
 03   13,3   16,8  08:54   11,1  22:06    5,0    0,0   1,28    4,5   30,6  18:20     16
 04   13,7   16,3  14:37    9,1  06:45    4,6    0,0   0,02    5,9   22,5  02:11    226
 05   13,7   15,8  16:46   10,0  07:39    4,7    0,0   0,00    9,6   40,2  02:29    140
 06   13,9   16,6  17:01   10,4  07:00    4,4    0,0   0,00    6,0   27,4  02:48    233
 07   15,1   17,8  14:01   11,1  05:55    3,2    0,0   0,00    5,6   24,1  20:27    248
 08   16,3   18,3  14:40   15,3  02:21    2,0    0,0   0,00    5,8   35,4  22:16    234
 09   16,1   18,7  15:28   12,3  07:09    2,2    0,0   0,02    3,0   12,9  01:34    221
 10   16,9   18,9  09:02   13,7  06:36    1,4    0,0   0,00    3,3   14,5  01:37    176
 11   17,5   19,8  14:40   15,1  06:30    0,8    0,0   0,00    4,0   19,3  16:30    232
 12   16,8   19,5  16:00   14,4  06:40    1,5    0,0   0,00    4,4   19,3  18:16    215
 13   16,6   19,7  13:58   12,6  04:48    1,7    0,0   0,00    5,0   25,7  13:12    253
 14   16,1   18,7  19:09   13,2  06:01    2,2    0,0   0,00    4,6   19,3  12:20    191
 15   15,4   19,1  11:54   12,2  22:52    2,9    0,0   0,00    7,0   43,5  12:35     87
 16   15,8   18,4  16:48   11,7  06:57    2,5    0,0   0,00    6,4   24,1  13:28    251
 17   14,9   16,5  18:23   13,2  12:24    3,4    0,0   0,20    9,1   40,2  15:00     35
 18   13,7   16,3  11:27   12,1  03:50    4,6    0,0   0,30    5,1   27,4  18:53    115
 19   13,7   16,1  10:40   11,0  06:12    4,6    0,0   0,12    4,7   20,9  10:02    275
 20   14,9   17,4  15:01   10,8  06:39    3,4    0,0   0,00    4,2   19,3  01:42    204
 21   16,6   19,3  13:36   12,9  06:31    1,8    0,0   0,00    4,4   19,3  01:19    216
 22   17,7   20,3  14:32   13,8  06:37    0,6    0,0   0,00    3,7   14,5  12:49    237
 23   18,3   21,1  16:15   14,6  06:52    0,1    0,0   0,00    3,3   14,5  01:02    246
 24   16,6   19,7  09:35   15,1  14:41    1,7    0,0   0,32    1,9   17,7  10:37    342
 25   17,6   22,5  14:34   14,5  05:53    0,8    0,0   0,16    4,2   33,8  10:27    356
 26   18,2   20,8  14:09   15,7  05:20    0,1    0,0   0,00    3,5   24,1  16:30    303
 27   18,9   21,4  12:53   15,2  07:00    0,0    0,6   0,00    3,7   24,1  00:00    287
 28   17,1   19,3  14:26   15,2  20:57    1,2    0,0   0,06    3,7   19,3  20:05    136
 29   17,1   19,8  18:50   14,3  05:59    1,2    0,0   0,00    3,7   17,7  13:15    202
 30   17,9   20,4  14:30   13,9  06:12    0,5    0,0   0,00    4,2   19,3  01:58    283
 31   20,1   23,0  16:51   16,3  06:36    0,0    1,8   0,00    4,3   22,5  03:28    271
---------------------------------------------------------------------------------------
      18,1   23,0     31    9,1     04   67,6    2,3   2,48    3,5   43,5     15    300
    