                   MONTHLY CLIMATOLOGICAL SUMMARY for de jul. 2020


NAME: Sant Pol de Mar                  
ELEV: 20 meters    LAT: 41-21.60 N    LONG: 002-22.20 E


                   TEMPERATURE (C), RAIN (mm), WIND SPEED (kph)

                                         HEAT   COOL         AVG
      MEAN                               DEG    DEG          WIND                   DOM
DAY   TEMP   HIGH   TIME    LOW   TIME   DAYS   DAYS   RAIN  SPEED   HIGH   TIME    DIR
---------------------------------------------------------------------------------------
 01   25,1   27,3  17:25   21,7  05:57    0,0    6,7    0,0    3,9   16,1  03:48    171
 02   24,7   28,3  14:51   19,9  22:26    0,0    6,3   12,0    5,8   88,5  21:46    359
 03   21,6   23,7  15:14   18,4  08:35    0,0    3,3   10,4    5,4   33,8  01:45    151
 04   23,2   26,0  15:36   20,3  07:32    0,0    4,9    0,4    4,4   19,3  08:03    275
 05   24,7   28,1  16:55   20,4  06:26    0,0    6,4    0,0    4,4   22,5  18:44    259
 06   25,0   27,9  16:40   21,9  05:58    0,0    6,6    0,0    4,0   22,5  11:03    168
 07   24,5   27,1  14:19   22,3  07:02    0,0    6,2    0,0    3,9   16,1  15:20    221
 08   24,7   27,1  15:07   21,8  07:01    0,0    6,3    0,0    4,7   17,7  01:12    205
 09   25,4   28,7  14:26   22,2  06:49    0,0    7,1    0,0    3,5   14,5  02:49    266
 10   25,3   30,3  18:21   22,5  04:55    0,0    7,0    0,0    5,1   41,8  14:46     26
 11   25,3   28,3  11:36   21,8  06:49    0,0    6,9    0,0    3,6   16,1  14:14    261
 12   24,6   26,3  10:20   22,5  06:17    0,0    6,2    0,0    4,9   19,3  15:24    182
 13   24,9   29,3  11:16   22,7  03:45    0,0    6,6    0,2    4,9   24,1  22:12    349
 14   25,3   29,2  16:18   22,4  22:17    0,0    7,0    0,0    4,8   22,5  00:00    298
 15   23,9   27,2  12:09   22,1  05:09    0,0    5,6    0,0    5,2   27,4  14:26    143
 16   22,9   25,3  14:05   21,6  06:50    0,0    4,6    0,0    4,0   22,5  16:31    185
 17   23,9   26,9  15:28   21,6  06:47    0,0    5,6    0,0    5,0   27,4  18:23    203
 18   24,0   25,6  14:34   22,3  02:24    0,0    5,7    0,0    5,2   19,3  10:32    208
 19   25,5   28,6  14:26   21,8  06:40    0,0    7,1    0,0    5,2   25,7  17:39    242
 20   25,6   28,6  15:06   22,9  05:53    0,0    7,2    0,0    4,9   22,5  14:18    252
 21   25,3   27,3  18:21   22,8  07:10    0,0    7,0    0,0    3,8   14,5  16:43    235
 22   25,0   28,3  16:57   22,2  04:13    0,0    6,7    0,0    3,7   17,7  07:47    235
 23   26,6   29,5  18:04   23,5  06:18    0,0    8,3    0,0    2,9   16,1  00:58    296
 24   26,2   28,6  17:12   23,1  09:59    0,0    7,8    1,2    4,5   25,7  03:29    245
 25   26,2   29,1  15:24   23,2  07:03    0,0    7,9    0,0    5,5   24,1  21:40    239
 26   25,7   27,6  11:30   22,9  06:51    0,0    7,3    0,0    4,4   20,9  10:21    147
 27   26,3   29,1  17:40   22,3  06:53    0,0    7,9    0,0    4,7   20,9  14:19    247
 28   25,9   27,7  14:59   23,8  05:51    0,0    7,6    0,0    4,1   19,3  12:14    149
 29   26,6   29,2  11:05   23,6  06:20    0,0    8,3    0,0    4,3   17,7  14:26    150
 30   26,6   29,4  14:47   22,9  06:35    0,0    8,2    0,0    3,6   12,9  23:15    116
 31   27,2   30,8  17:41   23,9  06:43    0,0    8,8    0,0    4,1   16,1  10:45    216
---------------------------------------------------------------------------------------
      25,1   30,8     31   18,4     03    0,0  209,2   24,2    4,5   88,5     02    225
    