                   MONTHLY CLIMATOLOGICAL SUMMARY for de maig 2020


NAME: Sant Pol de Mar                  
ELEV: 20 meters    LAT: 41-21.60 N    LONG: 002-22.20 E


                   TEMPERATURE (C), RAIN (mm), WIND SPEED (kph)

                                         HEAT   COOL         AVG
      MEAN                               DEG    DEG          WIND                   DOM
DAY   TEMP   HIGH   TIME    LOW   TIME   DAYS   DAYS   RAIN  SPEED   HIGH   TIME    DIR
---------------------------------------------------------------------------------------
 01   20,2   28,3  16:33   14,8  04:04    0,0    1,9    0,0    7,7   41,8  12:50    288
 02   18,6   20,7  20:00   16,4  06:50    0,0    0,2    0,0    3,2   16,1  10:09    129
 03   19,7   22,7  14:20   16,3  04:20    0,0    1,3    0,0    2,9   17,7  14:26    210
 04   19,1   22,7  16:15   15,4  06:57    0,0    0,7    0,0    3,8   22,5  19:26    262
 05   19,8   22,4  02:24   17,7  23:59    0,0    1,5    0,0    3,9   24,1  02:05    191
 06   20,7   23,9  16:05   16,7  04:26    0,0    2,4    0,0    3,4   17,7  19:15    294
 07   20,2   23,3  09:46   18,0  23:58    0,0    1,9    0,0    4,9   24,1  17:00     94
 08   18,8   21,8  15:07   15,7  06:38    0,0    0,5    0,0    3,7   14,5  10:39    122
 09   18,5   19,8  19:06   16,9  02:18    0,0    0,1    0,2    4,8   30,6  15:31     39
 10   18,3   19,8  16:38   16,1  23:53    0,1    0,0    1,4    8,4   45,1  17:35    191
 11   18,9   25,1  15:28   15,4  07:02    0,0    0,6    0,0    8,1   46,7  15:24    260
 12   17,3   18,6  10:10   15,2  02:22    1,0    0,0    0,0    6,1   29,0  23:31     82
 13   18,8   21,3  14:31   16,9  00:00    0,0    0,4    0,0    9,8   51,5  03:34    355
 14   16,9   19,1  01:03   13,9  23:18    1,4    0,0    4,0    6,1   29,0  17:08     54
 15   16,8   19,6  17:32   13,3  03:56    1,5    0,0    0,0    4,3   19,3  13:27    141
 16   18,8   22,4  16:24   17,1  08:01    0,0    0,4    0,0   10,6   48,3  09:29     36
 17   18,5   21,3  12:09   16,3  06:04    0,0    0,2    0,0    3,1   16,1  03:02    248
 18   18,9   22,6  14:31   15,3  07:05    0,0    0,6    0,0    3,3   17,7  14:20    252
 19   20,2   24,3  14:58   16,3  06:17    0,0    1,9    0,0    2,7   14,5  06:29    256
 20   21,9   24,2  09:43   17,7  06:57    0,0    3,5    0,0    2,9   19,3  01:03    283
 21   21,5   25,1  15:14   18,2  05:21    0,0    3,2    0,0    2,5   17,7  14:04    224
 22   21,3   24,3  18:01   18,1  06:36    0,0    3,0    0,0    2,5   12,9  19:58    153
 23   21,5   24,6  14:40   18,6  06:55    0,0    3,2    0,0    3,8   27,4  19:00    198
 24   20,5   22,9  17:07   19,2  23:23    0,0    2,2    0,0    4,0   17,7  19:57    200
 25   21,0   23,7  11:11   18,5  23:25    0,0    2,7    0,0    3,2   17,7  09:39    225
 26   21,4   25,3  15:50   17,3  05:23    0,0    3,0    0,0    2,6   12,9  09:09    225
 27   21,3   23,3  09:50   18,9  03:59    0,0    3,0    0,0    5,9   25,7  17:30     85
 28   20,0   23,0  17:45   17,0  04:36    0,0    1,6    0,0    3,5   14,5  00:00    209
 29   20,0   24,6  15:52   16,7  06:10    0,0    1,6    1,6    4,0   22,5  21:47    307
 30   20,3   22,2  09:19   18,1  05:36    0,0    2,0    0,0    5,2   20,9  01:28    148
 31   20,7   23,4  15:37   17,9  05:07    0,0    2,4    0,0    3,4   17,7  15:58    250
---------------------------------------------------------------------------------------
      19,7   28,3     01   13,3     15    4,0   46,1    7,2    4,6   51,5     13    241
    