                   MONTHLY CLIMATOLOGICAL SUMMARY for de gen. 2021


NAME: Sant Pol de Mar                  
ELEV: 20 meters    LAT: 41-21.60 N    LONG: 002-22.20 E


                   TEMPERATURE (C), RAIN (mm), WIND SPEED (kph)

                                         HEAT   COOL         AVG
      MEAN                               DEG    DEG          WIND                   DOM
DAY   TEMP   HIGH   TIME    LOW   TIME   DAYS   DAYS   RAIN  SPEED   HIGH   TIME    DIR
---------------------------------------------------------------------------------------
 01    8,8   10,6  16:29    6,8  04:39    9,5    0,0    0,0    6,2   37,0  10:36     23
 02    7,6   10,3  14:26    5,4  07:48   10,7    0,0    0,0    5,7   25,7  19:20      1
 03    6,1    9,5  16:20    3,7  09:16   12,2    0,0    0,0    4,4   16,1  00:15    351
 04    6,4   11,1  15:15    3,9  08:01   11,9    0,0    0,0    5,6   22,5  05:26    336
 05    6,4   10,1  16:03    4,3  23:58   11,9    0,0    0,4    7,1   32,2  07:58     15
 06    6,4    9,1  14:12    2,9  08:30   12,0    0,0    0,4    5,5   22,5  22:35     10
 07    5,9    7,6  11:44    4,9  04:52   12,4    0,0    1,2    5,9   32,2  09:10     32
 08    5,7    8,6  14:36    3,1  07:04   12,6    0,0    0,0    8,4   43,5  23:43     32
 09    5,2    6,5  00:00    3,5  04:57   13,1    0,0   21,6   28,9   85,3  22:50     32
 10    6,7    8,1  14:06    5,0  23:53   11,7    0,0    0,4   24,7   83,7  01:49     31
 11    6,4   10,3  15:40    4,7  04:16   11,9    0,0    0,0    5,7   24,1  00:43    353
 12    7,0   10,7  15:29    3,6  08:24   11,4    0,0    0,0    5,7   25,7  01:39    352
 13    8,6   14,7  17:09    4,2  05:04    9,7    0,0    0,0    4,3   20,9  06:15    347
 14    9,1   13,3  12:59    6,3  05:56    9,2    0,0    0,0    4,7   22,5  18:27    352
 15    9,0   13,3  10:36    5,7  03:02    9,3    0,0    0,0    5,2   19,3  09:38      8
 16   10,1   14,4  16:01    7,2  05:53    8,3    0,0    0,0    4,7   19,3  22:33    328
 17   10,0   14,1  16:40    6,1  04:10    8,3    0,0    0,0    3,5   16,1  22:28    341
 18    9,5   12,0  14:57    7,2  08:46    8,8    0,0    0,0    4,1   20,9  03:21    351
 19   10,9   14,9  12:21    6,9  07:30    7,4    0,0    0,0    5,6   27,4  13:07    271
 20   12,3   13,6  14:00   10,9  23:57    6,0    0,0    0,0    5,5   27,4  18:20    254
 21   13,3   16,4  14:16    9,4  04:00    5,1    0,0    0,0    6,3   32,2  14:10    265
 22   12,9   15,4  13:33    9,3  23:40    5,5    0,0    4,4    8,0   59,5  09:55    278
 23   11,7   15,4  14:19    8,4  03:07    6,6    0,0    0,0    7,9   43,5  16:10    267
 24   12,5   14,3  17:37    9,1  08:58    5,8    0,0    0,0    7,2   48,3  06:22    274
 25   11,5   13,6  13:51    9,2  23:40    6,8    0,0    0,0    8,2   41,8  20:08      5
 26    9,8   13,1  14:04    7,7  08:42    8,6    0,0    0,0    5,0   33,8  00:00     10
 27   11,0   14,7  15:26    7,8  02:14    7,4    0,0    0,0    2,8   14,5  03:18    336
 28   12,2   16,3  14:04    9,7  06:54    6,1    0,0    0,0    2,8   14,5  14:19     13
 29   13,5   17,7  15:30   10,2  01:21    4,8    0,0    0,0    3,3   14,5  08:09      7
 30   14,0   19,2  13:26   10,1  23:56    4,3    0,0    0,2    5,3   37,0  12:48    303
 31   12,7   17,0  16:41    8,7  03:08    5,6    0,0    0,0    4,6   27,4  05:41    342
---------------------------------------------------------------------------------------
       9,5   19,2     30    2,9     06  275,0    0,0   28,6    6,9   85,3     09    359
    