                   MONTHLY CLIMATOLOGICAL SUMMARY for dag. 2019


NAME: Sant Pol de Mar                  
ELEV: 20 meters    LAT: 41-21.60 N    LONG: 002-22.20 E


                   TEMPERATURE (C), RAIN (mm), WIND SPEED (kph)

                                         HEAT   COOL         AVG
      MEAN                               DEG    DEG          WIND                   DOM
DAY   TEMP   HIGH   TIME    LOW   TIME   DAYS   DAYS   RAIN  SPEED   HIGH   TIME    DIR
---------------------------------------------------------------------------------------
 01   25,2   28,4  11:56   21,9  00:18    0,0    6,9    0,0    6,4   30,6  07:30     68
 02   26,2   29,1  15:27   23,3  07:19    0,0    7,8    0,0    5,0   20,9  02:30    237
 03   26,3   29,2  15:54   23,5  06:13    0,0    8,0    0,0    6,0   25,7  01:02    232
 04   26,7   29,5  18:11   24,2  05:25    0,0    8,4    0,0    4,4   20,9  18:51    242
 05   26,8   30,1  16:51   23,4  06:20    0,0    8,5    0,0    3,1   12,9  14:13    245
 06   26,0   27,9  09:46   23,3  05:25    0,0    7,7    0,0    4,3   19,3  09:33    139
 07   25,8   27,3  10:19   24,3  06:22    0,0    7,5    0,0    4,6   20,9  01:03    135
 08   27,0   29,6  18:01   24,2  06:53    0,0    8,7    0,0    4,2   20,9  14:32    218
 09   27,5   30,3  17:16   24,7  05:03    0,0    9,2    0,0    5,0   20,9  09:39    246
 10   27,0   29,1  11:54   25,1  06:04    0,0    8,7    0,0    4,1   33,8  04:04    135
 11   26,3   29,2  17:25   23,4  06:59    0,0    8,0    0,0    3,5   27,4  20:58     90
 12   25,3   26,9  15:08   21,5  05:53    0,0    7,0    1,0    6,8   37,0  06:25     31
 13   23,4   26,1  19:26   20,2  06:52    0,0    5,1    0,0    5,2   24,1  15:05    188
 14   23,6   26,0  20:00   20,9  06:51    0,0    5,2    0,0    4,5   17,7  00:58    122
 15   24,1   27,1  15:14   21,8  06:17    0,0    5,8    0,0    4,8   29,0  16:45     96
 16   25,0   27,9  17:59   23,2  08:07    0,0    6,7    0,0    4,8   27,4  18:41    250
 17   25,9   28,6  14:56   22,5  06:51    0,0    7,5    0,0    5,4   24,1  16:30    243
 18   26,1   28,7  14:33   23,3  07:17    0,0    7,8    0,0    5,0   24,1  15:27    247
 19   25,4   26,8  10:21   24,2  23:51    0,0    7,1    0,0    8,8   32,2  06:58     59
 20   25,1   28,8  16:03   23,2  07:11    0,0    6,8    0,0    9,2   35,4  17:03     53
 21   23,6   25,6  19:18   19,8  06:42    0,0    5,3    0,0    4,5   25,7  00:05    180
 22   25,3   28,2  18:28   22,2  06:44    0,0    6,9    0,0    4,6   22,5  10:53    226
 23   24,8   27,3  09:39   21,8  06:08    0,0    6,5    0,0    4,4   19,3  11:09    156
 24   25,1   28,3  18:03   22,2  05:35    0,0    6,8    0,0    3,9   14,5  13:27    200
 25   25,9   28,5  18:53   22,7  06:55    0,0    7,6    0,0    3,7   16,1  14:15    252
 26   25,4   29,2  16:00   21,7  06:29    0,0    7,1    0,0    3,5   12,9  02:31    262
 27   24,0   25,3  18:36   22,9  02:21    0,0    5,7    2,2    4,1   20,9  12:56      3
 28   25,0   27,9  11:01   22,6  00:44    0,0    6,7    0,0    4,7   27,4  10:27     82
 29   25,9   29,2  13:31   22,5  04:44    0,0    7,6    0,0    4,0   19,3  00:22    252
 30   27,1   31,0  10:37   23,6  07:11    0,0    8,8    0,0    3,4   17,7  11:04    207
 31   25,8   29,2  11:05   23,6  07:02    0,0    7,5    0,0    3,3   19,3  11:21    165
---------------------------------------------------------------------------------------
      25,6   31,0     30   19,8     21    0,0  224,4    3,2    4,8   37,0     12    183
    