                     CLIMATOLOGICAL SUMMARY for year 2019


NAME: Sant Pol de Mar                  
ELEV: 20 meters    LAT: 41-21.60 N    LONG: 002-22.20 E


                                       TEMPERATURE (C)

                              HEAT    COOL                              MAX    MAX    MIN    MIN
          MEAN   MEAN         DEG     DEG                                >=     <=     <=     <=
 YR  MO   MAX    MIN    MEAN  DAYS    DAYS      HI  DAY     LOW  DAY     30      0      0    -20
------------------------------------------------------------------------------------------------
2019 01   13,7    6,7   10,0  257,4    0,0    19,1   06     2,3   11      0      0      0      0
2019 02   15,1    8,0   11,5  190,6    0,0    19,6   10     3,4   04      0      0      0      0
2019 03   16,6   10,2   13,4  152,1    0,0    20,3   26     8,3   21      0      0      0      0
2019 04   16,8   11,6   14,2  124,4    0,0    19,9   19     5,8   04      0      0      0      0
2019 05   18,9   13,3   18,1   67,6    2,3    23,0   31     9,1   04      0      0      0      0
2019 06   24,7   18,5   21,4    5,4   96,9    32,1   26    11,8   12      2      0      0      0
2019 07   28,5   22,3   25,5    0,0  221,3    31,2   26    18,5   27      3      0      0      0
2019 08   28,3   22,8   25,6    0,0  224,4    31,0   30    19,8   21      3      0      0      0
2019 09   25,7   19,7   22,6    0,8  128,3    28,8   13    14,8   10      0      0      0      0
2019 10   22,5   16,7   19,5    6,0   41,7    25,8   01    13,7   24      0      0      0      0
2019 11   17,2   10,0   13,6  144,7    1,4    24,0   04     6,0   17      0      0      0      0
2019 12   16,4   10,3   13,2  160,3    0,0    20,6   13     7,2   12      0      0      0      0
------------------------------------------------------------------------------------------------
          20,4   14,2   17,8 1109,3  716,4    32,1  de juny     2,3  de gen.      8      0      0      0


                  PRECIPITATION (mm)

                  MAX         ---DAYS OF RAIN---
                  OBS.               OVER
 YR  MO  TOTAL    DAY  DATE   0.30   3.00  30.00
------------------------------------------------
2019 01    9,6    9,6    20      1      1      0
2019 02    0,0    0,0    01      0      0      0
2019 03    3,2    1,4    18      3      0      0
2019 04   19,8    7,6    03      8      2      0
2019 05   24,8   12,8    03      7      3      0
2019 06   20,6   20,6    11      1      1      0
2019 07   33,2   13,4    27      6      5      0
2019 08    3,2    2,2    27      2      0      0
2019 09   60,6   16,8    10     10      6      0
2019 10   54,6   32,2    23      8      4      1
2019 11   30,4   12,4    10      4      3      0
2019 12   81,2   44,4    04      5      3      1
------------------------------------------------
         341,2   44,4   de des.     55     28      2


           WIND SPEED (kph)

                                DOM
 YR  MO    AVG     HI   DATE    DIR
-----------------------------------
2019 01    5,4   62,8     09    345 
2019 02    4,6   57,9     01    314 
2019 03    5,3   49,9     26      7 
2019 04    7,5   59,5     20     24 
2019 05    3,5   43,5     15    300 
2019 06    5,2   57,9     14    102 
2019 07    4,3   41,8     09    230 
2019 08    4,8   37,0     12    183 
2019 09    6,7   88,5     11     35 
2019 10    4,9  111,0     23    336 
2019 11    5,7   48,3     18    322 
2019 12    6,3   74,0     05    351 
-----------------------------------
           4,4  111,0    doct.    331
