                   MONTHLY CLIMATOLOGICAL SUMMARY for doct. 2019


NAME: Sant Pol de Mar                  
ELEV: 20 meters    LAT: 41-21.60 N    LONG: 002-22.20 E


                   TEMPERATURE (C), RAIN (mm), WIND SPEED (kph)

                                         HEAT   COOL         AVG
      MEAN                               DEG    DEG          WIND                   DOM
DAY   TEMP   HIGH   TIME    LOW   TIME   DAYS   DAYS   RAIN  SPEED   HIGH   TIME    DIR
---------------------------------------------------------------------------------------
 01   22,2   25,8  16:41   18,4  07:14    0,0    3,9    0,0    3,4   22,5  23:39    267
 02   21,1   24,1  11:18   18,1  05:53    0,0    2,7    0,0    5,5   25,7  10:46    198
 03   20,3   23,7  17:18   17,6  08:30    0,0    2,0    0,0    4,6   16,1  04:34      0
 04   20,5   23,7  17:55   17,6  04:47    0,0    2,2    0,0    4,4   19,3  10:47     56
 05   20,5   22,3  12:19   19,0  03:40    0,0    2,1    0,0    4,6   20,9  00:04    143
 06   19,9   22,6  15:11   17,7  04:03    0,0    1,6    0,0    3,6   14,5  15:19     85
 07   19,9   23,2  18:32   17,1  09:07    0,0    1,6    0,0    5,4   30,6  06:08      7
 08   21,2   24,1  15:21   18,4  06:31    0,0    2,9    0,0    6,3   35,4  14:55    259
 09   20,3   24,0  12:07   18,0  23:53    0,0    2,0    0,4    3,5   25,7  16:51      3
 10   18,7   21,1  16:38   16,9  08:54    0,0    0,4    1,2    3,6   16,1  01:34    289
 11   21,0   23,8  15:37   18,2  00:00    0,0    2,7    0,0    4,0   20,9  13:35    259
 12   21,2   23,1  15:49   19,3  05:34    0,0    2,9    0,0    2,6   16,1  12:44    275
 13   21,8   23,7  14:11   20,4  06:24    0,0    3,4    0,0    3,8   19,3  18:26     96
 14   21,4   23,8  12:58   18,8  22:37    0,0    3,1    1,4    4,2   20,9  09:16     39
 15   18,4   20,7  13:38   14,9  07:57    0,0    0,0    8,6    5,2   30,6  02:43    350
 16   18,4   22,3  15:19   14,2  05:32    0,0    0,1    0,0    7,8   32,2  16:08    271
 17   19,2   23,5  17:07   14,6  07:14    0,0    0,9    0,0    3,5   16,1  12:06    326
 18   19,7   23,2  14:47   15,9  03:54    0,0    1,3    0,0    3,5   17,7  13:04    313
 19   21,0   24,0  14:40   18,3  05:05    0,0    2,7    0,0    3,6   19,3  17:35    261
 20   21,4   23,7  16:42   19,5  01:32    0,0    3,1    0,4    6,9   30,6  06:48    216
 21   17,2   20,7  00:38   14,4  21:44    1,1    0,0    3,0    5,9   43,5  14:31     23
 22   17,9   21,6  21:45   15,2  08:13    0,5    0,0    7,4   21,8   74,0  11:28     29
 23   18,0   20,7  15:04   16,2  23:50    0,3    0,0   32,2    6,9  111,0  01:43    215
 24   17,4   21,1  16:56   13,7  08:30    0,9    0,0    0,0    4,7   24,1  19:16    329
 25   17,3   20,9  15:18   13,8  07:57    1,1    0,0    0,0    4,8   19,3  10:07    352
 26   17,5   21,3  11:01   14,0  04:54    0,8    0,0    0,0    3,4   14,5  09:12      1
 27   18,0   21,4  16:17   15,1  07:05    0,3    0,0    0,0    3,0   14,5  19:45    328
 28   17,9   20,0  13:30   14,8  04:36    0,4    0,0    0,0    3,7   19,3  16:19    281
 29   17,8   20,4  16:46   14,9  07:26    0,5    0,0    0,0    2,5   12,9  11:24    180
 30   18,3   22,8  14:00   14,9  07:16    0,1    0,0    0,0    2,2   12,9  17:50    277
 31   18,4   21,1  09:58   16,2  04:38    0,0    0,1    0,0    3,1   16,1  16:56    304
---------------------------------------------------------------------------------------
      19,5   25,8     01   13,7     24    6,0   41,7   54,6    4,9  111,0     23    336
    