                   MONTHLY CLIMATOLOGICAL SUMMARY for de juny 2019


NAME: Sant Pol de Mar                  
ELEV: 20 meters    LAT: 41-21.60 N    LONG: 002-22.20 E


                   TEMPERATURE (C), RAIN (mm), WIND SPEED (kph)

                                         HEAT   COOL         AVG
      MEAN                               DEG    DEG          WIND                   DOM
DAY   TEMP   HIGH   TIME    LOW   TIME   DAYS   DAYS   RAIN  SPEED   HIGH   TIME    DIR
---------------------------------------------------------------------------------------
 01   19,8   22,7  17:09   16,3  05:55    0,0    1,4    0,0    3,7   17,7  13:33    237
 02   20,1   22,7  15:28   17,4  02:27    0,0    1,8    0,0    5,8   29,0  17:46    240
 03   20,2   22,7  15:11   17,9  06:45    0,0    1,9    0,0    6,4   25,7  09:52    235
 04   20,7   23,4  14:27   17,6  07:12    0,0    2,4    0,0    4,4   20,9  15:31    234
 05   20,0   26,6  18:12   17,0  06:59    0,0    1,7    0,0    5,4   33,8  17:31     71
 06   18,2   20,3  18:34   16,2  05:46    0,1    0,0    0,0    5,5   24,1  13:10    238
 07   19,8   22,9  19:52   17,2  00:00    0,0    1,5    0,0    4,2   35,4  19:51    131
 08   20,2   22,3  19:23   17,3  05:56    0,0    1,8    0,0    8,3   38,6  01:27     48
 09   21,5   26,8  13:05   19,2  22:08    0,0    3,2    0,0    6,7   33,8  11:53     53
 10   20,4   23,6  13:07   18,4  06:38    0,0    2,0    0,0    4,4   20,9  19:52    175
 11   15,5   19,4  02:08   12,0  23:40    2,8    0,0   20,6    4,1   25,7  18:16     11
 12   16,4   19,8  15:33   11,8  02:04    2,0    0,0    0,0    7,4   24,1  14:28    271
 13   17,8   21,0  23:59   14,3  05:55    0,5    0,0    0,0    5,8   27,4  22:37     88
 14   21,8   25,9  13:37   19,2  23:56    0,0    3,4    0,0   13,4   57,9  07:05     25
 15   19,5   21,6  09:45   17,2  05:13    0,0    1,1    0,0    3,2   24,1  11:13    153
 16   20,1   23,2  14:18   16,7  06:39    0,0    1,8    0,0    3,6   17,7  20:33    252
 17   21,0   24,1  15:32   17,4  06:14    0,0    2,7    0,0    3,3   19,3  15:41    227
 18   21,4   24,4  13:50   18,3  06:13    0,0    3,1    0,0    5,5   27,4  15:10    246
 19   21,4   24,4  17:43   18,5  04:36    0,0    3,0    0,0    4,5   22,5  09:30    239
 20   20,8   23,7  15:53   18,9  06:23    0,0    2,4    0,0    4,5   29,0  13:19    109
 21   22,5   26,9  11:06   19,3  06:38    0,0    4,2    0,0    3,8   27,4  09:10    101
 22   22,3   25,0  11:24   19,5  05:43    0,0    4,0    0,0    4,0   19,3  01:03    228
 23   22,1   25,1  16:35   18,6  02:49    0,0    3,8    0,0    4,4   22,5  11:00    244
 24   23,2   26,6  15:52   20,3  05:58    0,0    4,9    0,0    6,8   33,8  18:25     59
 25   24,8   28,1  12:26   22,8  01:58    0,0    6,5    0,0    8,3   32,2  08:58     60
 26   26,7   32,1  10:37   24,8  23:57    0,0    8,3    0,0    8,9   40,2  07:54     59
 27   25,1   26,7  08:49   22,8  07:09    0,0    6,7    0,0    3,1    9,7  10:44    180
 28   25,8   29,1  18:54   21,7  06:14    0,0    7,5    0,0    3,2   20,9  13:31    242
 29   27,4   31,5  17:09   24,1  06:01    0,0    9,1    0,0    2,4   19,3  10:46    145
 30   25,1   28,1  17:24   21,4  05:51    0,0    6,8    0,0    2,1   14,5  13:26    223
---------------------------------------------------------------------------------------
      21,4   32,1     26   11,8     12    5,4   96,9   20,6    5,2   57,9     14    102
    