                   MONTHLY CLIMATOLOGICAL SUMMARY for de mar 2021


NAME: Sant Pol de Mar                  
ELEV: 20 meters    LAT: 41-21.60 N    LONG: 002-22.20 E


                   TEMPERATURE (C), RAIN (mm), WIND SPEED (kph)

                                         HEAT   COOL         AVG
      MEAN                               DEG    DEG          WIND                   DOM
DAY   TEMP   HIGH   TIME    LOW   TIME   DAYS   DAYS   RAIN  SPEED   HIGH   TIME    DIR
---------------------------------------------------------------------------------------
 01   13,0   15,3  12:11   11,8  05:24    5,3    0,0    0,0    9,6   29,0  22:14     46
 02   13,2   15,4  15:59   12,2  07:26    5,1    0,0    0,0   11,5   37,0  06:56     41
 03   12,8   14,4  13:30   11,3  23:08    5,5    0,0    0,0    3,8   17,7  00:00     87
 04   13,1   15,9  15:02   11,4  01:27    5,2    0,0    0,0    3,1   16,1  07:40    320
 05   12,8   15,2  12:12   10,5  07:38    5,6    0,0    0,0    1,7    8,0  12:00    217
 06   12,8   15,1  12:35   11,4  03:20    5,5    0,0    0,0    6,5   30,6  05:38     54
 07   12,8   14,7  12:52   11,4  04:21    5,6    0,0    0,0    5,2   20,9  13:47     51
 08   12,5   14,7  13:35   10,0  23:58    5,8    0,0    0,0   10,2   48,3  06:55     37
 09   11,5   13,8  09:39    8,4  06:30    6,8    0,0    0,0    4,2   16,1  00:23    319
 10   11,7   14,8  15:34    8,8  02:45    6,6    0,0    0,4    4,3   16,1  06:56    306
 11   12,7   15,9  13:03    8,9  02:04    5,6    0,0    0,0    4,9   27,4  15:33    262
 12   12,5   14,8  13:36   10,0  22:55    5,9    0,0    0,6    4,6   20,9  02:12    336
 13   12,6   16,3  14:57    9,2  05:02    5,7    0,0    0,0    6,2   35,4  16:56    292
 14   12,2   16,1  12:30    8,7  06:38    6,2    0,0    0,0    4,5   17,7  07:36    354
 15   12,1   15,2  13:33   10,2  23:43    6,2    0,0    0,0    4,4   19,3  03:58    333
 16   12,3   16,1  15:07    9,1  05:06    6,0    0,0    0,0    4,1   19,3  17:38    287
 17   12,9   16,7  14:57    9,6  06:19    5,4    0,0    0,0    5,2   25,7  23:55    341
 18   10,8   14,4  12:47    5,7  22:28    7,5    0,0   14,8    7,2   35,4  19:34     36
 19    8,2   11,4  14:52    5,6  04:29   10,1    0,0    1,4    7,3   56,3  23:40     19
 20   10,3   13,3  13:59    7,6  06:20    8,0    0,0    0,0   19,3   61,2  06:51     41
 21   10,4   14,4  15:29    5,7  06:44    7,9    0,0    0,0    4,6   20,9  13:59    325
 22   11,8   15,5  15:16    7,9  03:50    6,5    0,0    0,0    4,5   17,7  22:52    322
 23   11,9   14,7  15:38    8,6  06:40    6,5    0,0    0,0    5,2   22,5  16:10     48
 24   12,7   16,6  15:28    8,5  06:08    5,6    0,0    0,0    4,0   20,9  00:47    271
 25   13,0   16,3  15:27    9,7  05:02    5,3    0,0    0,0    4,2   17,7  14:51    253
 26   13,5   16,9  14:14   10,6  02:03    4,9    0,0    0,0    4,6   25,7  23:48    285
 27   13,9   15,6  10:09   12,2  23:38    4,4    0,0    0,0    4,9   25,7  03:12     90
 28   13,1   15,4  16:26    9,9  07:28    5,3    0,0    0,0    4,4   17,7  11:06    113
 29   13,0   16,3  15:34    9,5  07:07    5,3    0,0    0,0    4,2   17,7  15:59     92
 30   12,9   15,2  17:02   10,1  07:43    5,5    0,0    0,0    4,5   17,7  10:18    136
 31   13,4   17,1  17:19    9,9  07:55    4,9    0,0    0,0    3,9   12,9  06:24    320
---------------------------------------------------------------------------------------
      12,3   17,1     31    5,6     19  185,9    0,0   17,2    5,7   61,2     20     23
    