                   MONTHLY CLIMATOLOGICAL SUMMARY for de des. 2020


NAME: Sant Pol de Mar                  
ELEV: 20 meters    LAT: 41-21.60 N    LONG: 002-22.20 E


                   TEMPERATURE (C), RAIN (mm), WIND SPEED (kph)

                                         HEAT   COOL         AVG
      MEAN                               DEG    DEG          WIND                   DOM
DAY   TEMP   HIGH   TIME    LOW   TIME   DAYS   DAYS   RAIN  SPEED   HIGH   TIME    DIR
---------------------------------------------------------------------------------------
 01   13,0   15,2  12:49   11,0  07:50    5,3    0,0    0,0    4,6   29,0  21:10    332
 02   11,5   15,8  15:07    8,4  22:45    6,8    0,0    0,0    5,0   19,3  00:57    354
 03   10,3   13,2  14:32    6,5  07:46    8,0    0,0    0,0    5,9   27,4  14:53    307
 04   11,1   14,6  10:25    7,3  22:26    7,2    0,0    0,0    6,5   30,6  15:23    301
 05    9,1   12,8  15:09    6,1  03:14    9,3    0,0    0,0    5,6   30,6  06:33    350
 06    9,0   13,3  13:20    5,7  01:32    9,4    0,0    0,0    6,3   25,7  06:27    344
 07    9,7   12,5  16:10    6,6  04:14    8,7    0,0    0,0    6,5   27,4  08:09    308
 08    9,5   14,2  13:46    6,7  23:17    8,8    0,0    0,0    4,5   20,9  00:00    331
 09    9,9   15,1  15:26    6,3  07:05    8,4    0,0    0,0    5,1   30,6  14:45    341
 10   10,6   15,3  15:44    7,6  03:14    7,7    0,0    0,4    4,9   30,6  05:59    314
 11   12,2   15,6  14:51   10,1  23:15    6,1    0,0    0,8    3,8   17,7  05:14    317
 12   12,8   18,1  15:00    9,1  04:59    5,5    0,0    0,0    6,3   37,0  20:43     52
 13   12,7   15,3  11:57   10,5  04:49    5,7    0,0    0,0    4,9   20,9  00:01    312
 14   13,5   16,0  14:05   10,9  02:53    4,9    0,0    0,0    2,7   16,1  00:00    293
 15   14,0   17,7  13:34   11,1  23:46    4,3    0,0    0,0    3,4   25,7  14:00    317
 16   12,9   16,9  14:11    9,2  05:49    5,5    0,0    0,0    4,1   19,3  13:02    317
 17   14,4   16,9  12:17   10,9  04:22    3,9    0,0    0,0    5,1   19,3  12:31     25
 18   15,0   15,7  14:47   13,8  06:03    3,3    0,0    0,0    3,8   27,4  23:57     94
 19   14,0   16,1  15:35   11,8  08:24    4,3    0,0    2,0    4,1   27,4  00:00    264
 20   13,4   16,3  13:24   12,1  21:31    4,9    0,0    0,0    3,4   22,5  12:53      4
 21   12,7   16,3  13:40   10,3  07:42    5,7    0,0    0,0    4,6   25,7  12:27    297
 22   12,7   16,2  15:13    9,3  05:57    5,6    0,0    0,0    4,3   20,9  14:30    293
 23   13,5   15,8  14:39   11,4  05:27    4,8    0,0    0,0    4,5   24,1  14:30    274
 24   12,2   14,4  13:26    9,6  23:55    6,2    0,0    0,2    2,7   24,1  19:07     14
 25    9,3   13,5  14:42    5,2  22:28    9,1    0,0    0,0    6,2   35,4  12:45    360
 26    7,6   11,7  14:12    3,8  08:18   10,7    0,0    0,0    4,9   32,2  00:09    359
 27    7,2   11,8  22:39    3,7  08:01   11,2    0,0    0,0    7,1   45,1  22:36    296
 28   11,1   13,8  15:51    8,4  09:03    7,3    0,0    0,0    9,0   45,1  00:00    279
 29   10,0   13,7  13:38    6,7  23:59    8,3    0,0    0,0    6,0   41,8  04:37    295
 30    8,8   12,4  12:40    5,3  08:07    9,6    0,0    0,0    5,5   22,5  05:26    354
 31    9,8   14,1  14:19    6,3  08:04    8,5    0,0    0,0    6,8   30,6  10:59    288
---------------------------------------------------------------------------------------
      12,1   18,1     12    3,7     27  215,0    0,0    3,4    4,7   45,1     27    323
    