                   MONTHLY CLIMATOLOGICAL SUMMARY for de mar 2020


NAME: Sant Pol de Mar                  
ELEV: 20 meters    LAT: 41-21.60 N    LONG: 002-22.20 E


                   TEMPERATURE (C), RAIN (mm), WIND SPEED (kph)

                                         HEAT   COOL         AVG
      MEAN                               DEG    DEG          WIND                   DOM
DAY   TEMP   HIGH   TIME    LOW   TIME   DAYS   DAYS   RAIN  SPEED   HIGH   TIME    DIR
---------------------------------------------------------------------------------------
 01   15,4   20,8  15:18   11,8  08:31    3,0    0,0    0,0    1,3   40,2  14:04    258
 02   14,7   18,4  15:20   10,2  23:51    3,6    0,0    2,8    4,1   49,9  12:10    290
 03   11,5   15,5  15:59    8,3  07:21    6,9    0,0    0,0    6,0   41,8  17:29    308
 04   11,5   14,4  17:44    8,9  01:58    6,8    0,0    0,0    1,6   19,3  10:38    104
 05   14,8   22,4  15:52   10,8  02:27    3,6    0,0    0,0    4,8   40,2  15:18    260
 06   12,4   16,1  13:46    8,8  22:56    5,9    0,0    1,4    4,0   29,0  16:12    359
 07   10,8   13,8  16:38    6,9  04:11    7,5    0,0    0,0    1,9   17,7  06:10    199
 08   13,0   16,1  15:56   10,4  02:20    5,4    0,0    0,0    1,6   14,5  01:10    279
 09   12,6   14,8  10:56    9,9  04:27    5,8    0,0    0,0    2,9   29,0  15:01    171
 10   12,8   15,9  14:11   10,2  07:38    5,5    0,0    0,0    1,8   22,5  14:00    260
 11   13,4   16,7  15:22   10,0  06:38    5,0    0,0    0,0    1,2   12,9  01:36    146
 12   13,2   16,7  12:04   10,9  03:54    5,1    0,0    0,0    0,9   14,5  12:34    203
 13   14,1   17,3  14:37   11,2  07:18    4,2    0,0    0,0    1,2   14,5  12:18    230
 14   13,7   14,4  08:59   12,7  01:11    4,6    0,0    0,0    0,8   19,3  09:22     17
 15   14,0   16,4  15:35   11,1  07:05    4,4    0,0    0,0    2,9   19,3  15:49    193
 16   13,5   14,3  10:07   12,8  05:39    4,9    0,0    8,2    9,7   40,2  21:10     47
 17   14,5   16,4  16:48   13,2  00:00    3,9    0,0    0,0    5,6   46,7  02:31     30
 18   13,9   15,6  12:17   11,1  22:08    4,4    0,0    0,0    0,0   11,3  01:06     90
 19   12,2   14,8  15:01    9,8  06:55    6,1    0,0    0,0    0,0   11,3  12:29     90
 20   12,4   15,9  12:30    9,1  04:33    5,9    0,0    0,0    0,0   16,1  14:03    142
 21   13,7   17,0  13:13   11,2  06:28    4,6    0,0    0,0    0,2   24,1  13:47    108
 22   14,1   16,2  15:04   11,8  06:21    4,2    0,0    0,0    0,9   20,9  11:07     76
 23   13,3   16,0  13:39   11,8  23:39    5,0    0,0   13,6    3,4   35,4  17:50     31
 24   11,7   13,9  13:18    9,9  23:01    6,7    0,0    0,0    0,4   30,6  00:55     41
 25   10,3   12,9  11:42    8,3  23:48    8,0    0,0    0,0    0,1   27,4  02:04     86
 26    7,9    9,5  09:51    6,1  04:48   10,5    0,0    3,8    0,4   38,6  08:19     38
 27    9,6   13,6  15:36    5,5  06:11    8,7    0,0    0,2    0,0    8,0  16:45     90
 28   13,4   16,8  12:01   10,2  00:00    5,0    0,0    0,0    0,0   11,3  12:38     90
 29   13,1   15,9  13:33    9,4  06:44    5,2    0,0    0,0    0,0    6,4  14:25     90
 30   10,7   14,2  01:21    8,9  21:26    7,6    0,0    1,6    0,0   29,0  01:36     68
 31   11,2   12,9  14:23    9,7  07:28    7,2    0,0    0,6    0,2   37,0  07:13     27
---------------------------------------------------------------------------------------
      12,7   22,4     05    5,5     27  175,2    0,0   32,2    1,9   49,9     02      3
    