                   MONTHLY CLIMATOLOGICAL SUMMARY for de gen. 2020


NAME: Sant Pol de Mar                  
ELEV: 20 meters    LAT: 41-21.60 N    LONG: 002-22.20 E


                   TEMPERATURE (C), RAIN (mm), WIND SPEED (kph)

                                         HEAT   COOL         AVG
      MEAN                               DEG    DEG          WIND                   DOM
DAY   TEMP   HIGH   TIME    LOW   TIME   DAYS   DAYS   RAIN  SPEED   HIGH   TIME    DIR
---------------------------------------------------------------------------------------
 01   10,0   13,7  14:04    6,6  06:59    8,4    0,0    0,0    1,9   12,9  12:24    346
 02   10,7   14,3  15:28    7,7  08:10    7,6    0,0    0,0    4,8   27,4  12:13    294
 03   11,1   14,7  14:28    7,7  08:07    7,3    0,0    0,0    4,0   22,5  01:41    304
 04   11,4   15,6  13:39    8,4  07:40    7,0    0,0    0,0    4,2   16,1  19:59    345
 05   11,4   15,4  16:14    8,1  05:20    7,0    0,0    0,0    4,1   29,0  22:56      8
 06   12,0   15,1  11:56    9,8  23:58    6,4    0,0    0,0    6,0   30,6  01:52     21
 07   11,8   15,8  15:11    8,6  08:34    6,6    0,0    0,0    4,4   17,7  02:30    317
 08   12,0   16,7  13:52    8,7  05:11    6,4    0,0    0,0    5,8   37,0  11:31     19
 09   11,6   14,7  14:12    8,2  06:25    6,7    0,0    0,0    5,6   29,0  17:56    265
 10   11,0   13,3  16:51    9,3  20:57    7,3    0,0    7,6    4,9   25,7  07:52      1
 11    9,8   13,9  15:40    6,9  07:14    8,5    0,0    0,0    2,7   19,3  21:38    342
 12    9,2   13,7  15:16    5,8  07:27    9,1    0,0    0,0    4,3   14,5  01:55    336
 13    9,7   13,1  15:13    5,8  06:25    8,6    0,0    0,0    5,0   19,3  15:52    314
 14   11,1   14,9  13:16    6,8  08:28    7,2    0,0    0,0    6,0   27,4  17:56    285
 15   11,5   14,8  13:02    8,4  23:51    6,9    0,0    0,0    3,2   29,0  15:30    294
 16   11,9   14,7  15:28    8,4  00:01    6,4    0,0    0,0    3,6   22,5  16:50    297
 17   13,4   18,4  13:37    9,8  23:20    4,9    0,0    0,0    6,6   45,1  14:57    291
 18   11,4   13,8  11:38    9,7  21:33    6,9    0,0    0,0    4,3   19,3  15:29    356
 19   10,2   11,4  15:00    8,2  07:50    8,2    0,0    0,0   25,0   86,9  21:20     36
 20    7,3    9,2  00:00    5,3  15:54   11,0    0,0   36,8   20,6   99,8  04:41     28
 21   10,4   12,6  18:59    6,8  00:45    7,9    0,0   68,4   18,8   75,6  01:43     38
 22   13,7   14,6  22:27    9,5  05:37    4,6    0,0   23,2    6,2   67,6  00:26     96
 23   13,1   15,1  11:50    9,4  23:58    5,2    0,0    6,2    2,4   40,2  04:38    138
 24   11,0   15,1  15:33    7,8  07:34    7,4    0,0    0,0    0,1   12,9  16:29    232
 25   11,7   14,6  14:20    8,8  07:13    6,6    0,0    0,0    0,1    9,7  15:31    248
 26   12,1   14,9  13:49   10,6  03:26    6,2    0,0    0,0    0,4   19,3  12:58    287
 27   11,4   14,7  14:18    8,2  06:57    6,9    0,0    0,0    2,0   30,6  12:58    266
 28   12,9   17,4  14:57    9,8  23:58    5,4    0,0    0,0    1,6   24,1  03:44    260
 29   12,2   15,3  12:59    9,2  04:54    6,2    0,0    0,0    0,3    9,7  04:53    321
 30   11,9   14,7  16:09    9,8  04:55    6,4    0,0    0,0    0,7   17,7  16:57     11
 31   13,4   16,8  14:07   10,6  05:46    5,0    0,0    0,0    0,1    9,7  13:50    120
---------------------------------------------------------------------------------------
      11,4   18,4     17    5,3     20  216,3    0,0  142,2    5,1   99,8     20      9
    