                   MONTHLY CLIMATOLOGICAL SUMMARY for de set. 2020


NAME: Sant Pol de Mar                  
ELEV: 20 meters    LAT: 41-21.60 N    LONG: 002-22.20 E


                   TEMPERATURE (C), RAIN (mm), WIND SPEED (kph)

                                         HEAT   COOL         AVG
      MEAN                               DEG    DEG          WIND                   DOM
DAY   TEMP   HIGH   TIME    LOW   TIME   DAYS   DAYS   RAIN  SPEED   HIGH   TIME    DIR
---------------------------------------------------------------------------------------
 01   22,0   25,1  17:56   18,6  07:07    0,0    3,7    5,2    5,5   29,0  21:57     44
 02   22,9   26,6  15:28   18,7  04:31    0,0    4,6    0,0    6,2   25,7  15:22    261
 03   23,6   25,8  16:34   20,8  05:03    0,0    5,3    0,0    4,9   20,9  17:32    211
 04   24,2   26,3  14:29   21,1  05:03    0,0    5,8    0,0    5,0   20,9  01:35    299
 05   24,5   27,0  18:23   22,3  07:55    0,0    6,2    0,0    4,6   19,3  13:08    270
 06   23,7   27,4  13:36   19,4  22:51    0,0    5,3    1,4    8,6   33,8  14:40    178
 07   19,6   23,2  14:12   17,1  06:18    0,0    1,2    9,6    6,6   29,0  00:02    334
 08   21,9   26,7  13:20   16,9  01:41    0,0    3,6    0,0   13,6   56,3  10:02     28
 09   22,1   24,6  13:52   19,3  23:52    0,0    3,7    0,4    9,7   33,8  04:53     48
 10   22,2   26,8  13:42   19,1  07:30    0,0    3,9    8,4    5,0   27,4  15:45    331
 11   23,9   29,6  15:18   20,3  02:09    0,0    5,6    0,0    3,8   22,5  04:27    345
 12   25,3   29,8  13:08   21,2  05:25    0,0    6,9    0,0    2,9   16,1  06:20    325
 13   25,1   29,1  12:38   21,4  07:49    0,0    6,8    0,0    3,2   14,5  00:00    260
 14   24,0   28,0  17:08   20,7  07:04    0,0    5,6    0,0    3,4   12,9  02:41    275
 15   24,8   27,9  14:10   21,3  06:43    0,0    6,5    0,0    3,5   16,1  11:55    248
 16   24,3   27,6  16:07   21,3  06:10    0,0    5,9    0,0    3,3   12,9  18:20    230
 17   24,8   27,9  10:29   21,8  07:16    0,0    6,5    0,0    2,5   19,3  13:10    225
 18   24,3   26,8  12:13   21,9  07:26    0,0    6,0    0,0    3,5   25,7  14:50    284
 19   24,5   28,3  15:13   22,7  06:56    0,0    6,1    0,0    4,1   19,3  16:52    300
 20   23,3   26,9  15:12   19,6  07:40    0,0    5,0    0,0    3,5   17,7  00:00     78
 21   21,6   23,4  16:34   19,9  22:36    0,0    3,3    0,6    3,0   20,9  10:41     12
 22   21,1   23,5  11:28   18,1  17:30    0,0    2,7   17,2    4,9   35,4  16:53     14
 23   22,4   26,2  17:06   18,4  02:20    0,0    4,1    0,0    4,2   22,5  19:10    272
 24   22,9   26,7  15:07   19,7  07:41    0,0    4,6    0,0    4,4   32,2  17:29    295
 25   20,4   24,1  14:50   16,3  23:54    0,0    2,1    0,0    8,7   46,7  15:07    307
 26   17,6   21,1  16:40   13,7  07:56    0,7    0,0    0,6    6,8   33,8  00:00    313
 27   16,2   19,7  11:59   11,6  07:51    2,2    0,0    0,0    7,7   51,5  04:27     32
 28   18,3   21,8  18:48   15,5  00:29    0,0    0,0    0,0    5,2   20,9  04:37    343
 29   19,2   23,3  18:03   16,3  03:56    0,0    0,8    0,0    4,0   16,1  13:29     27
 30   19,6   24,1  15:57   15,9  05:52    0,0    1,3    0,0    4,3   16,1  02:29    287
---------------------------------------------------------------------------------------
      22,3   29,8     12   11,6     27    2,9  123,1   43,4    5,2   56,3     08    336
    