                     CLIMATOLOGICAL SUMMARY for year 2020


NAME: Sant Pol de Mar                  
ELEV: 20 meters    LAT: 41-21.60 N    LONG: 002-22.20 E


                                       TEMPERATURE (C)

                              HEAT    COOL                              MAX    MAX    MIN    MIN
          MEAN   MEAN         DEG     DEG                                >=     <=     <=     <=
 YR  MO   MAX    MIN    MEAN  DAYS    DAYS      HI  DAY     LOW  DAY     30      0      0    -20
------------------------------------------------------------------------------------------------
2020 01   14,6    8,3   11,4  216,3    0,0    18,4   17     5,3   20      0      0      0      0
2020 02   16,4   10,4   13,2  149,3    0,0    20,2   02     7,5   20      0      0      0      0
2020 03   15,7   10,0   12,7  175,2    0,0    22,4   05     5,5   27      0      0      0      0
2020 04   18,0   12,5   15,2   95,7    0,5    25,0   30     8,8   03      0      0      0      0
2020 05   22,8   16,8   19,7    4,0   46,1    28,3   01    13,3   15      0      0      0      0
2020 06   23,8   18,1   21,1    3,4   87,1    27,7   28    13,4   10      0      0      0      0
2020 07   27,9   22,2   25,1    0,0  209,2    30,8   31    18,4   03      2      0      0      0
2020 08   28,6   22,6   25,7    0,0  227,8    31,7   01    15,4   31      6      0      0      0
2020 09   25,8   19,0   22,3    2,9  123,1    29,8   12    11,6   27      0      0      0      0
2020 10   20,8   13,9   17,2   50,8   15,6    25,4   23     8,3   15      0      0      0      0
2020 11   18,4   12,8   15,4   87,5    0,0    20,9   02     7,8   22      0      0      0      0
2020 12   14,8    8,4   12,1  215,0    0,0    18,1   12     3,7   27      0      0      0      0
------------------------------------------------------------------------------------------------
          20,7   14,6   17,7 1000,1  709,4    31,7  dag.     3,7  de des.      8      0      0      0


                  PRECIPITATION (mm)

                  MAX         ---DAYS OF RAIN---
                  OBS.               OVER
 YR  MO  TOTAL    DAY  DATE   0.30   3.00  30.00
------------------------------------------------
2020 01  142,2   68,4    21      5      5      2
2020 02    8,4    6,8    27      3      1      0
2020 03   32,2   13,6    23      7      3      0
2020 04  125,8   52,0    21      8      5      1
2020 05    7,2    4,0    14      3      1      0
2020 06   46,8   10,0    13     11      6      0
2020 07   24,2   12,0    02      4      2      0
2020 08   44,6   18,0    03      4      4      0
2020 09   43,4   17,2    22      8      4      0
2020 10   80,8   42,8    10      7      4      1
2020 11   47,0   20,6    28      6      4      0
2020 12    3,4    2,0    19      3      0      0
------------------------------------------------
         606,0   68,4   de gen.     69     39      4


           WIND SPEED (kph)

                                DOM
 YR  MO    AVG     HI   DATE    DIR
-----------------------------------
2020 01    5,1   99,8     20      9 
2020 02    1,7   41,8     27    252 
2020 03    1,9   49,9     02      3 
2020 04    3,2   51,5     02     28 
2020 05    4,6   51,5     13    241 
2020 06    4,6   37,0     04    242 
2020 07    4,5   88,5     02    225 
2020 08    5,3   56,3     29    258 
2020 09    5,2   56,3     08    336 
2020 10    5,0   48,3     02    317 
2020 11    5,7   49,9     28     15 
2020 12    4,7   45,1     27    323 
-----------------------------------
           4,3   99,8    de gen.    337
