                   MONTHLY CLIMATOLOGICAL SUMMARY for de febr. 2021


NAME: Sant Pol de Mar                  
ELEV: 20 meters    LAT: 41-21.60 N    LONG: 002-22.20 E


                   TEMPERATURE (C), RAIN (mm), WIND SPEED (kph)

                                         HEAT   COOL         AVG
      MEAN                               DEG    DEG          WIND                   DOM
DAY   TEMP   HIGH   TIME    LOW   TIME   DAYS   DAYS   RAIN  SPEED   HIGH   TIME    DIR
---------------------------------------------------------------------------------------
 01   12,9   15,8  10:26    9,7  06:48    5,4    0,0    0,0    4,2   20,9  10:50    354
 02   12,7   16,4  13:55    9,9  03:38    5,7    0,0    0,0    3,4   17,7  07:32    338
 03   14,3   18,4  12:17   11,7  23:54    4,0    0,0    0,0    4,9   22,5  10:40    238
 04   11,9   14,1  12:10   10,9  06:36    6,4    0,0    0,0    2,7   12,9  12:22    101
 05   13,6   17,6  14:39   11,4  03:36    4,7    0,0    0,0    4,2   27,4  16:49     45
 06   14,9   17,8  01:22   11,1  22:58    3,4    0,0    0,0    6,1   29,0  02:46     10
 07   10,3   13,3  02:32    7,9  11:42    8,1    0,0   20,6    5,0   30,6  02:07     44
 08   10,4   14,4  11:30    8,2  01:27    7,9    0,0    0,4    6,0   29,0  14:40    289
 09   11,9   15,3  12:44    8,3  04:36    6,5    0,0    0,0    6,4   32,2  20:11    276
 10   12,0   15,4  15:00    9,6  23:36    6,3    0,0    0,0    5,1   24,1  01:05    290
 11   11,7   16,0  15:18    8,7  04:28    6,6    0,0    0,0    4,1   17,7  04:38    314
 12   11,6   14,7  11:48    9,7  06:20    6,8    0,0    1,0    3,2   17,7  16:36     23
 13   12,7   15,5  13:07   10,7  03:56    5,6    0,0    0,0    6,3   25,7  15:58    198
 14    8,8   12,6  00:15    7,7  23:26    9,6    0,0    3,0    7,6   30,6  00:51     33
 15   10,0   11,7  16:06    7,8  00:37    8,3    0,0    0,0    4,0   19,3  18:23    300
 16   12,4   14,6  13:35   10,7  00:00    6,0    0,0    0,0    8,5   37,0  13:05    250
 17   12,5   16,1  13:25    9,9  05:15    5,8    0,0    0,0    4,4   20,9  16:28    303
 18   11,9   14,7  14:46    9,9  23:54    6,5    0,0    0,0    4,7   24,1  10:16    270
 19   11,4   14,1  13:39    8,8  05:21    6,9    0,0    0,0    4,3   17,7  18:51    292
 20   11,8   14,8  16:53   10,1  06:47    6,5    0,0    0,0    4,9   19,3  06:32    277
 21   13,6   15,5  12:37   11,5  00:00    4,8    0,0    0,0   14,3   43,5  19:11     37
 22   14,2   14,8  02:11   12,4  19:48    4,2    0,0    1,0    6,4   46,7  00:03     52
 23   14,6   16,9  10:56   12,6  23:50    3,8    0,0    0,0    3,7   19,3  09:56     62
 24   13,9   16,6  15:22   11,6  23:00    4,5    0,0    0,0    3,0   14,5  14:16    292
 25   13,5   15,9  16:13   11,4  02:21    4,9    0,0    0,0    2,5   16,1  15:01    270
 26   13,4   16,4  15:37   10,7  22:57    4,9    0,0    0,0    2,1   12,9  01:11    239
 27   12,8   16,4  13:08    9,3  04:52    5,5    0,0    0,0    3,6   20,9  15:14    271
 28   12,4   16,1  14:04    8,8  07:03    6,0    0,0    0,0    7,7   30,6  12:13     40
---------------------------------------------------------------------------------------
      12,4   18,4     03    7,7     14  165,4    0,0   26,0    5,1   46,7     22    341
    