                   MONTHLY CLIMATOLOGICAL SUMMARY for d?oct. 2020


NAME: Sant Pol de Mar                  
ELEV: 20 meters    LAT: 41-21.60 N    LONG: 002-22.20 E


                   TEMPERATURE (?C), RAIN (mm), WIND SPEED (kph)

                                         HEAT   COOL         AVG
      MEAN                               DEG    DEG          WIND                   DOM
DAY   TEMP   HIGH   TIME    LOW   TIME   DAYS   DAYS   RAIN  SPEED   HIGH   TIME    DIR
---------------------------------------------------------------------------------------
 01   20,9   25,2  14:41   18,9  23:56    0,0    2,6    0,0    5,1   29,0  17:35    353
 02   17,9   22,0  14:02   13,2  23:58    0,4    0,0    0,8    6,3   48,3  14:49    307
 03   15,7   20,3  15:33   11,2  03:43    2,6    0,0    0,0    8,6   41,8  17:53    279
 04   18,0   22,8  15:58   14,0  07:50    0,4    0,0    0,0    6,1   30,6  14:17    271
 05   16,5   19,4  15:43   12,9  07:16    1,9    0,0    0,0    5,4   24,1  08:24     14
 06   18,7   23,1  16:49   14,4  06:32    0,0    0,4    0,0    5,4   25,7  12:15    281
 07   20,1   22,4  15:14   17,6  05:04    0,0    1,7    0,0    3,2   17,7  23:04    300
 08   20,7   23,0  16:33   18,8  01:43    0,0    2,4    0,0    3,9   19,3  13:22    274
 09   19,8   22,3  14:47   17,2  07:58    0,0    1,4    0,0    3,4   17,7  15:36    133
 10   17,8   20,1  09:58   12,9  23:57    0,6    0,0   42,8    3,7   41,8  21:31     44
 11   15,1   19,3  17:44   12,1  09:03    3,2    0,0    1,6    5,5   24,1  00:01     10
 12   16,2   20,1  15:18   11,8  07:05    2,2    0,0    0,0    6,3   24,1  06:29    341
 13   16,6   18,1  15:30   14,9  02:34    1,8    0,0   21,4    6,8   41,8  23:00     78
 14   13,2   15,9  11:05    9,1  23:38    5,1    0,0   10,0    6,5   46,7  19:17     42
 15   12,7   17,7  14:45    8,3  06:07    5,7    0,0    0,4    6,1   24,1  02:51    349
 16   14,6   18,9  15:59   11,0  07:02    3,7    0,0    0,0    4,9   19,3  00:00    329
 17   14,7   19,6  16:28   10,8  04:35    3,6    0,0    0,0    5,0   17,7  14:43    349
 18   15,3   19,9  17:31   11,7  08:06    3,0    0,0    0,0    4,6   19,3  23:18    346
 19   17,1   21,2  15:26   12,6  05:28    1,2    0,0    0,0    5,6   27,4  21:00    271
 20   18,9   20,8  15:40   16,5  08:12    0,0    0,6    0,0    6,0   27,4  11:08    179
 21   21,0   23,6  16:06   18,3  22:48    0,0    2,7    0,0    2,4   14,5  11:44     42
 22   20,3   22,5  13:08   18,3  06:47    0,0    2,0    0,0    3,7   19,3  13:42     30
 23   20,2   25,4  15:26   16,8  23:58    0,0    1,9    0,2    4,8   29,0  15:02    291
 24   17,5   20,8  14:22   14,2  06:20    0,9    0,0    0,0    5,2   22,5  15:30    285
 25   18,4   22,2  14:47   16,5  04:19    0,0    0,0    0,0    7,5   37,0  09:14    260
 26   14,8   18,4  03:14   11,5  22:48    3,5    0,0    3,6    5,3   25,7  03:09     24
 27   13,9   16,9  11:34   10,9  05:49    4,5    0,0    0,0    4,6   19,3  02:21    339
 28   16,0   20,2  16:17   12,5  03:39    2,3    0,0    0,0    3,4   16,1  01:46     16
 29   17,0   21,0  15:11   14,1  02:11    1,4    0,0    0,0    3,8   19,3  23:13    339
 30   16,6   21,0  16:05   13,2  05:54    1,7    0,0    0,0    3,0   12,9  02:27    268
 31   17,1   21,2  14:02   13,3  07:15    1,3    0,0    0,0    3,4   20,9  14:49    261
---------------------------------------------------------------------------------------
      17,2   25,4     23    8,3     15   50,8   15,6   80,8    5,0   48,3     02    317
    