                   MONTHLY CLIMATOLOGICAL SUMMARY for de jul. 2019


NAME: Sant Pol de Mar                  
ELEV: 20 meters    LAT: 41-21.60 N    LONG: 002-22.20 E


                   TEMPERATURE (C), RAIN (mm), WIND SPEED (kph)

                                         HEAT   COOL         AVG
      MEAN                               DEG    DEG          WIND                   DOM
DAY   TEMP   HIGH   TIME    LOW   TIME   DAYS   DAYS   RAIN  SPEED   HIGH   TIME    DIR
---------------------------------------------------------------------------------------
 01   24,8   26,7  19:35   22,8  06:37    0,0    6,5    0,0    3,1   14,5  10:57    158
 02   26,1   28,1  16:08   23,4  01:07    0,0    7,8    0,0    3,2   19,3  04:28    210
 03   26,0   29,2  18:39   22,9  06:15    0,0    7,7    0,0    3,0   12,9  20:02    204
 04   25,9   28,9  09:56   23,3  06:45    0,0    7,6    0,0    3,5   20,9  09:54    161
 05   26,1   29,3  14:58   22,7  06:19    0,0    7,8    0,0    4,0   17,7  21:14    244
 06   26,5   29,1  17:22   23,4  06:30    0,0    8,1    0,0    4,4   24,1  21:23    241
 07   26,4   29,9  09:11   23,7  06:38    0,0    8,1    0,8    3,6   25,7  08:45     37
 08   26,5   29,4  09:57   23,9  19:01    0,0    8,2    3,0    5,1   33,8  11:05    331
 09   25,5   29,6  14:16   19,9  15:55    0,0    7,2    4,6    6,8   41,8  15:41     15
 10   25,0   28,6  17:00   21,2  06:45    0,0    6,7    0,0    3,9   19,3  00:27    269
 11   25,7   29,2  16:21   21,9  05:39    0,0    7,4    0,0    2,9   19,3  12:12    250
 12   25,7   28,4  17:26   22,1  06:47    0,0    7,4    0,0    2,9   14,5  15:15    239
 13   25,9   28,6  16:36   22,4  06:22    0,0    7,6    0,0    3,8   17,7  21:47    215
 14   24,4   27,6  10:07   21,1  16:15    0,0    6,1    6,2    5,3   25,7  08:56     42
 15   25,6   29,3  11:47   22,2  05:08    0,0    7,2    0,0    4,2   22,5  14:59    267
 16   25,1   27,6  15:19   21,7  07:13    0,0    6,8    0,0    6,9   22,5  16:15    251
 17   24,6   28,1  17:21   20,8  23:08    0,0    6,3    5,0    4,2   19,3  20:19    281
 18   24,1   26,7  12:27   20,9  01:03    0,0    5,7    0,2    6,4   25,7  16:45    173
 19   24,8   27,8  17:47   22,3  06:21    0,0    6,5    0,0    5,6   20,9  15:04    190
 20   25,6   28,5  18:19   23,3  04:17    0,0    7,3    0,0    4,9   25,7  13:59    216
 21   25,2   28,4  18:34   22,4  05:17    0,0    6,8    0,0    3,6   25,7  10:27    144
 22   26,4   30,1  17:49   22,5  05:01    0,0    8,1    0,0    3,1   12,9  20:30    261
 23   26,9   30,6  17:23   23,3  06:24    0,0    8,5    0,0    2,9   14,5  14:09    263
 24   26,5   28,9  19:23   23,8  07:23    0,0    8,1    0,0    3,5   16,1  11:50    174
 25   26,7   29,7  17:44   23,9  04:25    0,0    8,4    0,0    3,8   16,1  15:31    242
 26   27,4   31,2  19:00   24,3  07:05    0,0    9,1    0,0    4,3   20,9  20:08    321
 27   23,7   26,6  10:08   18,5  23:29    0,0    5,4   13,4    4,4   24,1  20:59     33
 28   22,4   26,2  17:07   18,6  07:20    0,0    4,1    0,0    5,4   20,9  07:38    330
 29   24,7   28,0  14:25   21,1  03:49    0,0    6,3    0,0    5,5   20,9  16:07    233
 30   25,3   27,1  10:42   23,4  05:45    0,0    6,9    0,0    5,6   30,6  12:48    178
 31   24,1   25,4  16:14   22,2  06:53    0,0    5,8    0,0    4,8   19,3  11:32    159
---------------------------------------------------------------------------------------
      25,5   31,2     26   18,5     27    0,0  221,3   33,2    4,3   41,8     09    230
    