                   MONTHLY CLIMATOLOGICAL SUMMARY for dabr. 2021


NAME: Sant Pol de Mar                  
ELEV: 20 meters    LAT: 41-21.60 N    LONG: 002-22.20 E


                   TEMPERATURE (C), RAIN (mm), WIND SPEED (kph)

                                         HEAT   COOL         AVG
      MEAN                               DEG    DEG          WIND                   DOM
DAY   TEMP   HIGH   TIME    LOW   TIME   DAYS   DAYS   RAIN  SPEED   HIGH   TIME    DIR
---------------------------------------------------------------------------------------
 01   14,5   19,8  17:42    9,4  07:16    3,8    0,0    0,0    3,3   14,5  02:41    305
 02   16,2   20,6  16:43   12,6  06:25    2,2    0,0    0,0    4,7   22,5  10:26     64
 03   16,1   19,3  16:16   12,5  06:30    2,2    0,0    0,0    3,1   22,5  23:50    357
 04   15,0   18,7  14:55   12,2  06:29    3,4    0,0    0,0    5,5   25,7  13:06     20
 05   15,1   18,0  16:18   11,7  08:15    3,3    0,0    0,0    4,3   22,5  19:53    256
 06   13,7   15,3  18:36   11,1  06:23    4,7    0,0    0,0    4,8   29,0  06:54      0
 07   10,1   14,2  17:03    7,1  05:05    8,3    0,0    0,2    8,1   35,4  09:23     28
 08   12,3   14,7  13:31    8,8  01:19    6,0    0,0    0,0    7,3   25,7  13:13    246
 09   12,6   14,3  10:31   10,1  04:02    5,7    0,0    0,0    5,9   22,5  12:38    193
 10   13,0   13,9  16:30   11,7  23:56    5,3    0,0   10,0    2,2   12,9  04:01    359
 11   13,5   16,7  15:16   10,7  01:41    4,8    0,0    8,4    4,3   33,8  21:12    262
 12   11,1   14,9  17:16    8,6  06:09    7,2    0,0    9,6    3,9   20,9  17:03    107
 13   12,7   15,8  15:03    9,9  00:13    5,6    0,0    0,0    4,9   19,3  10:20    240
 14   12,5   13,8  15:14   11,1  08:08    5,8    0,0    0,0    6,0   24,1  04:37     85
 15   12,5   15,4  12:56   11,1  00:25    5,8    0,0    0,0    7,7   33,8  13:33     63
 16   11,5   13,6  15:48    8,9  22:53    6,8    0,0    0,0   10,1   37,0  06:56     24
 17   10,2   12,6  09:17    6,8  07:35    8,1    0,0    0,8    5,9   32,2  00:01    322
 18   12,4   16,6  14:11    7,6  04:31    5,9    0,0    0,0    4,5   22,5  06:32    289
 19   13,0   15,3  13:51    9,4  05:33    5,4    0,0    0,0    4,8   20,9  14:48     93
 20   13,6   15,3  14:52   11,1  07:13    4,7    0,0    0,0    3,3   16,1  13:52     46
 21   13,0   14,2  01:07   11,8  22:18    5,3    0,0   10,0    5,3   22,5  16:22     61
 22   13,4   15,8  13:41   11,2  03:35    4,9    0,0    0,0    8,5   30,6  09:47     50
 23   13,9   17,4  17:24    9,5  06:50    4,4    0,0    0,0    4,1   16,1  11:19    122
 24   14,3   17,5  18:15   10,2  05:50    4,0    0,0    0,0    3,5   12,9  09:46    171
 25   15,9   19,8  17:51   12,5  06:18    2,4    0,0    0,0    4,1   24,1  22:40     65
 26   16,1   18,8  11:02   13,4  20:10    2,2    0,0    1,0   10,5   40,2  21:33     28
 27   15,4   18,1  13:36   14,4  23:48    2,9    0,0    0,2    3,5   29,0  00:11    337
 28   14,8   17,6  15:38   12,8  03:46    3,5    0,0    0,4    2,8   14,5  16:06    193
 29   15,0   16,2  14:03   13,9  07:52    3,3    0,0    7,8    3,0   17,7  11:31    202
 30
---------------------------------------------------------------------------------------
      13,6   20,6     02    6,8     17  137,9    0,0   48,4    5,2   40,2     26     27
    