                   MONTHLY CLIMATOLOGICAL SUMMARY for de des. 2019


NAME: Sant Pol de Mar                  
ELEV: 20 meters    LAT: 41-21.60 N    LONG: 002-22.20 E


                   TEMPERATURE (C), RAIN (mm), WIND SPEED (kph)

                                         HEAT   COOL         AVG
      MEAN                               DEG    DEG          WIND                   DOM
DAY   TEMP   HIGH   TIME    LOW   TIME   DAYS   DAYS   RAIN  SPEED   HIGH   TIME    DIR
---------------------------------------------------------------------------------------
 01   14,0   15,7  13:13   10,6  23:57    4,4    0,0    0,0    4,0   19,3  07:24     35
 02   12,3   16,4  14:34    9,1  07:42    6,1    0,0    0,0    4,2   27,4  10:59     35
 03   11,2   13,3  15:47    7,2  05:11    7,1    0,0    0,0   14,8   56,3  23:50     27
 04   11,9   13,0  00:00   11,3  22:05    6,4    0,0   44,4   23,8   61,2  03:20     31
 05   11,8   14,1  23:53   10,3  15:19    6,6    0,0   28,8   24,2   74,0  13:10     24
 06   13,7   16,7  14:05   10,9  23:23    4,6    0,0    0,0    3,4   35,4  00:18     25
 07   12,2   17,0  14:24    9,2  06:25    6,2    0,0    0,0    1,9   12,9  01:57      9
 08   12,2   15,4  13:00    9,7  08:06    6,1    0,0    0,0    2,9   17,7  18:41    344
 09   12,8   17,3  15:09    9,7  06:59    5,5    0,0    0,0    3,6   29,0  18:53      9
 10   11,3   15,2  14:49    8,3  05:01    7,0    0,0    0,0    3,8   32,2  07:17    348
 11   11,4   15,6  12:32    8,4  00:15    6,9    0,0    1,6    5,9   29,0  11:33    331
 12   10,3   13,6  13:06    7,2  02:09    8,0    0,0    0,0    7,3   38,6  23:58    291
 13   16,0   20,6  15:52   11,8  00:12    2,4    0,0    0,0   12,6   51,5  07:34    297
 14   15,5   18,6  13:17   11,8  23:52    2,8    0,0    0,0    3,9   30,6  03:00    327
 15   14,0   17,1  13:03   10,2  08:07    4,4    0,0    0,0    5,8   27,4  03:59    262
 16   13,6   16,0  14:53   10,4  02:19    4,8    0,0    0,0    1,9   16,1  00:00      3
 17   15,5   18,1  12:40   13,8  22:51    2,8    0,0    0,0    4,1   20,9  03:47     22
 18   15,0   18,2  13:16   12,6  06:25    3,4    0,0    0,0    3,8   25,7  06:57     30
 19   13,8   16,4  15:10   11,1  08:13    4,5    0,0    0,0    3,8   24,1  16:10    243
 20   15,4   17,2  14:09   13,6  23:55    3,0    0,0    6,0    7,4   29,0  01:20    245
 21   15,9   19,6  13:34   13,6  00:00    2,4    0,0    0,4    7,1   67,6  22:52    264
 22   16,0   18,4  13:58   11,8  23:45    2,3    0,0    0,0   12,5   62,8  06:22    299
 23   12,6   15,9  15:34   10,1  08:22    5,7    0,0    0,0    5,0   27,4  04:40    351
 24   12,9   17,2  16:17    9,6  05:08    5,5    0,0    0,0    3,4   17,7  08:40    347
 25   13,8   18,6  12:23   10,8  07:06    4,5    0,0    0,0    3,7   12,9  06:30    343
 26   13,2   16,4  15:28   11,0  07:08    5,1    0,0    0,0    3,5   17,7  12:14    327
 27   12,9   16,6  13:28   10,4  08:11    5,5    0,0    0,0    3,0   19,3  19:17    336
 28   12,0   15,3  13:42    9,6  06:46    6,3    0,0    0,0    2,7   12,9  02:45      3
 29   11,6   14,0  13:13    9,2  05:05    6,7    0,0    0,0    3,7   12,9  02:44     43
 30   11,3   14,4  12:57    8,9  08:08    7,0    0,0    0,0    2,6   14,5  15:04    357
 31   12,0   15,6  13:55    8,8  23:10    6,3    0,0    0,0    5,7   20,9  12:52    328
---------------------------------------------------------------------------------------
      13,2   20,6     13    7,2     12  160,3    0,0   81,2    6,3   74,0     05    351
    