                   MONTHLY CLIMATOLOGICAL SUMMARY for dabr. 2020


NAME: Sant Pol de Mar                  
ELEV: 20 meters    LAT: 41-21.60 N    LONG: 002-22.20 E


                   TEMPERATURE (C), RAIN (mm), WIND SPEED (kph)

                                         HEAT   COOL         AVG
      MEAN                               DEG    DEG          WIND                   DOM
DAY   TEMP   HIGH   TIME    LOW   TIME   DAYS   DAYS   RAIN  SPEED   HIGH   TIME    DIR
---------------------------------------------------------------------------------------
 01   11,1   12,6  00:00   10,1  20:06    7,3    0,0   10,8    0,1   37,0  21:45     30
 02   11,5   13,7  13:26    9,6  04:08    6,8    0,0    0,0    0,6   51,5  03:37     33
 03   12,7   16,4  14:30    8,8  04:54    5,6    0,0    0,0    0,0    6,4  19:13     90
 04   13,4   16,6  17:14    9,4  07:32    5,0    0,0    0,0    0,0    6,4  16:45     90
 05   13,6   17,1  15:29    9,3  07:52    4,7    0,0    0,0    0,0    6,4  06:51     90
 06   13,6   17,2  17:38   10,2  04:38    4,8    0,0    0,0    0,0    6,4  13:15     90
 07   14,4   17,9  15:08   11,2  06:44    3,9    0,0    0,0    0,0    4,8  15:51     90
 08   15,2   17,9  16:52   12,9  07:00    3,1    0,0    0,0    0,0    9,7  14:07     90
 09   14,7   18,2  15:55   11,7  06:12    3,6    0,0    0,0    0,0    8,0  13:47     90
 10   15,2   19,4  16:13   11,0  05:14    3,2    0,0    0,0    0,0    3,2  15:22     90
 11   15,4   19,5  16:15   11,8  07:25    2,9    0,0    0,0    0,0   14,5  18:31     90
 12   15,2   18,1  16:31   11,8  05:55    3,1    0,0    0,0    0,0    3,2  07:34     90
 13   13,8   15,0  05:16   12,7  23:58    4,5    0,0   20,6    0,3   43,5  18:16     38
 14   15,0   18,2  11:38   12,4  04:01    3,4    0,0    0,0    0,9   35,4  00:27    257
 15   14,9   18,1  14:58   11,2  07:10    3,4    0,0    0,0    4,7   25,7  13:02     61
 16   16,0   17,4  15:01   15,0  06:52    2,3    0,0    0,0    4,3   20,9  05:08     81
 17   16,2   18,0  12:56   13,6  07:20    2,1    0,0    0,0    2,7   25,7  16:57    232
 18   16,5   18,7  12:48   15,1  05:44    1,8    0,0    2,8    5,1   33,8  21:21     60
 19   16,2   17,0  15:02   15,5  06:26    2,2    0,0   20,0    5,9   27,4  11:16     52
 20   16,5   18,4  16:50   15,3  02:23    1,9    0,0    1,6   12,0   45,1  13:13     42
 21   14,9   16,1  00:00   14,1  23:34    3,4    0,0   52,0    9,0   45,1  20:19     55
 22   14,0   15,7  17:00   12,9  07:05    4,3    0,0   17,0   13,8   51,5  12:50     40
 23   16,7   20,1  11:09   12,9  00:40    1,7    0,0    0,0    5,8   25,7  00:41    308
 24   16,1   19,4  15:59   12,8  06:05    2,2    0,0    0,0    2,9   14,5  15:06    251
 25   16,2   19,5  16:06   13,3  06:25    2,1    0,0    0,0    2,8   12,9  08:08    263
 26   16,4   19,5  15:26   13,2  06:17    2,0    0,0    0,0    3,5   16,1  19:53    262
 27   16,9   19,9  16:02   14,0  05:44    1,4    0,0    0,0    3,6   17,7  18:40    246
 28   17,1   20,1  17:11   14,1  06:53    1,2    0,0    1,0    5,2   32,2  18:48    272
 29   16,6   19,8  17:23   12,7  04:53    1,7    0,0    0,0    5,1   25,7  19:19    272
 30   18,9   25,0  17:32   15,0  04:59    0,0    0,5    0,0    6,4   35,4  16:24    278
---------------------------------------------------------------------------------------
      15,2   25,0     30    8,8     03   95,7    0,5  125,8    3,2   51,5     02     28
    