                     CLIMATOLOGICAL SUMMARY for year 2021


NAME: Sant Pol de Mar                  
ELEV: 20 meters    LAT: 41-21.60 N    LONG: 002-22.20 E


                                       TEMPERATURE (C)

                              HEAT    COOL                              MAX    MAX    MIN    MIN
          MEAN   MEAN         DEG     DEG                                >=     <=     <=     <=
 YR  MO   MAX    MIN    MEAN  DAYS    DAYS      HI  DAY     LOW  DAY     30      0      0    -20
------------------------------------------------------------------------------------------------
2021 01   12,8    6,6    9,5  275,0    0,0    19,2   30     2,9   06      0      0      0      0
2021 02   15,4   10,0   12,4  165,4    0,0    18,4   03     7,7   14      0      0      0      0
2021 03   15,3    9,5   12,3  185,9    0,0    17,1   31     5,6   19      0      0      0      0
2021 04   16,2   10,6   13,4   80,4    0,0    20,6   02     7,1   07      0      0      0      0
2021 05
2021 06
2021 07
2021 08
2021 09
2021 10
2021 11
2021 12
------------------------------------------------------------------------------------------------
          14,7    9,0   11,7  706,6    0,0    20,6  dabr.     2,9  de gen.      0      0      0      0


                  PRECIPITATION (mm)

                  MAX         ---DAYS OF RAIN---
                  OBS.               OVER
 YR  MO  TOTAL    DAY  DATE   0.30   3.00  30.00
------------------------------------------------
2021 01   28,6   21,6    09      6      2      0
2021 02   26,0   20,6    07      5      1      0
2021 03   17,2   14,8    18      4      1      0
2021 04   28,2   10,0    10      3      3      0
2021 05
2021 06
2021 07
2021 08
2021 09
2021 10
2021 11
2021 12
------------------------------------------------
         100,0   21,6   de gen.     18      7      0


           WIND SPEED (kph)

                                DOM
 YR  MO    AVG     HI   DATE    DIR
-----------------------------------
2021 01    6,9   85,3     09    359 
2021 02    5,1   46,7     22    341 
2021 03    5,7   61,2     20     23 
2021 04    5,3   37,0     16     16 
2021 05
2021 06
2021 07
2021 08
2021 09
2021 10
2021 11
2021 12
-----------------------------------
           5,8   85,3    de gen.      4
