                   MONTHLY CLIMATOLOGICAL SUMMARY for de set. 2019


NAME: Sant Pol de Mar                  
ELEV: 20 meters    LAT: 41-21.60 N    LONG: 002-22.20 E


                   TEMPERATURE (C), RAIN (mm), WIND SPEED (kph)

                                         HEAT   COOL         AVG
      MEAN                               DEG    DEG          WIND                   DOM
DAY   TEMP   HIGH   TIME    LOW   TIME   DAYS   DAYS   RAIN  SPEED   HIGH   TIME    DIR
---------------------------------------------------------------------------------------
 01   25,1   27,7  10:04   22,7  04:10    0,0    6,7    0,0    3,7   16,1  00:01    186
 02   22,6   24,8  00:01   20,3  04:27    0,0    4,3    9,0    4,0   33,8  11:29     16
 03   23,8   25,9  14:24   21,8  07:44    0,0    5,5    0,0    5,5   17,7  05:35    196
 04   24,1   27,8  17:33   20,2  05:32    0,0    5,7    0,0    4,7   24,1  01:30    267
 05   22,5   25,3  17:06   19,3  18:35    0,0    4,2    7,4    5,1   35,4  18:07      6
 06   21,5   24,9  18:37   18,5  07:19    0,0    3,2    0,0    6,6   25,7  03:35     20
 07   22,3   24,8  16:05   18,9  04:32    0,0    3,9    0,0    6,8   24,1  16:10    240
 08   21,0   23,3  11:55   17,2  07:11    0,0    2,7    6,4    6,8   24,1  17:22    169
 09   21,8   24,5  18:36   20,1  07:42    0,0    3,5    0,0    4,4   17,7  09:58     47
 10   17,6   22,8  00:00   14,8  13:11    0,8    0,0   16,8   16,1   69,2  07:40     28
 11   21,1   25,7  17:56   16,9  00:25    0,0    2,8    0,8   25,3   88,5  03:30     29
 12   24,9   28,7  17:21   22,6  20:40    0,0    6,5    0,0   10,6   41,8  03:00     54
 13   24,5   28,8  16:09   22,5  23:19    0,0    6,1    0,0    9,8   48,3  10:26     53
 14   24,9   27,4  10:32   21,6  02:32    0,0    6,6    0,0   10,3   37,0  04:05     45
 15   24,5   27,6  12:50   22,3  23:47    0,0    6,2    0,0    8,6   37,0  04:31     47
 16   23,4   28,2  10:38   20,6  06:53    0,0    5,0    0,0    3,2   24,1  10:59     72
 17   22,9   25,9  15:56   19,8  06:21    0,0    4,5    0,0    3,3   12,9  18:34    328
 18   22,9   25,5  11:49   20,0  06:40    0,0    4,6    0,0    4,0   17,7  12:06    129
 19   23,0   25,8  00:32   20,2  23:31    0,0    4,6    0,4    4,8   37,0  00:36     85
 20   22,2   24,8  11:04   19,2  05:39    0,0    3,8    0,0    5,8   24,1  12:42     66
 21   21,4   23,6  10:09   19,2  23:35    0,0    3,1    0,6    8,8   40,2  11:31     40
 22   22,2   25,8  17:04   19,1  04:41    0,0    3,8    2,8    5,1   33,8  21:54    265
 23   21,0   23,6  15:39   17,6  06:55    0,0    2,6   13,2    5,4   22,5  00:13    253
 24   22,6   27,1  16:06   18,8  07:22    0,0    4,3    3,2    5,1   29,0  11:20    266
 25   21,4   23,3  10:19   19,7  23:02    0,0    3,0    0,0    3,9   17,7  06:20    162
 26   21,8   25,6  18:07   19,2  08:06    0,0    3,5    0,0    4,8   19,3  21:12    306
 27   22,9   26,4  15:53   19,8  07:23    0,0    4,5    0,0    3,1   19,3  17:14    248
 28   22,5   24,6  11:00   20,1  22:23    0,0    4,2    0,0    4,5   19,3  10:28    113
 29   23,0   26,2  15:00   20,0  02:52    0,0    4,7    0,0    5,7   29,0  16:30    255
 30   22,3   25,1  13:58   18,9  05:18    0,0    4,0    0,0    5,0   22,5  16:10    256
---------------------------------------------------------------------------------------
      22,6   28,8     13   14,8     10    0,8  128,3   60,6    6,7   88,5     11     35
    