                   MONTHLY CLIMATOLOGICAL SUMMARY for de juny 2020


NAME: Sant Pol de Mar                  
ELEV: 20 meters    LAT: 41-21.60 N    LONG: 002-22.20 E


                   TEMPERATURE (C), RAIN (mm), WIND SPEED (kph)

                                         HEAT   COOL         AVG
      MEAN                               DEG    DEG          WIND                   DOM
DAY   TEMP   HIGH   TIME    LOW   TIME   DAYS   DAYS   RAIN  SPEED   HIGH   TIME    DIR
---------------------------------------------------------------------------------------
 01   20,9   22,6  17:36   19,5  06:50    0,0    2,6    2,0    3,7   17,7  15:04    206
 02   20,5   24,2  17:35   16,4  05:32    0,0    2,1    0,0    4,0   16,1  16:14    211
 03   21,4   24,6  13:49   18,5  06:15    0,0    3,1    5,6    4,2   20,9  12:07    247
 04   18,6   21,2  15:42   14,1  23:41    0,0    0,3    6,8    4,9   37,0  19:37    213
 05   18,6   21,2  16:48   14,1  00:00    0,0    0,2    0,0    5,2   17,7  00:50    158
 06   20,4   23,8  16:50   16,7  06:23    0,0    2,0    0,0    4,5   20,9  11:47     83
 07   19,5   21,3  16:35   16,5  22:24    0,0    1,2    1,2    8,8   33,8  18:58     35
 08   17,2   21,2  16:47   15,2  22:41    1,2    0,0    2,0    5,6   25,7  22:21    357
 09   17,0   20,0  11:20   14,0  06:09    1,4    0,0    4,0    6,7   24,1  00:39      1
 10   17,4   20,9  16:44   13,4  03:52    0,9    0,0    0,0    5,2   25,7  17:37      6
 11   19,0   21,6  12:46   16,3  06:35    0,0    0,6    5,4    2,9   17,7  15:09    291
 12   21,4   23,5  12:28   19,5  04:22    0,0    3,1    0,0    5,6   25,7  14:47    229
 13   20,6   24,5  17:44   16,6  07:48    0,0    2,3   10,0    6,1   33,8  06:50    357
 14   20,8   23,6  14:11   17,0  06:23    0,0    2,5    0,0    4,1   19,3  00:00    300
 15   21,0   23,9  12:56   17,8  06:28    0,0    2,6    0,0    4,0   25,7  14:25    240
 16   19,7   21,8  19:47   17,9  07:27    0,0    1,3    1,0    4,0   27,4  15:07    327
 17   19,5   21,2  19:19   17,3  05:42    0,0    1,2    0,0    5,6   27,4  15:50    129
 18   18,7   20,3  16:12   15,8  09:53    0,0    0,3    8,4    4,5   19,3  09:42     97
 19   20,2   23,2  17:40   17,1  05:44    0,0    1,9    0,0    4,3   17,7  11:44    216
 20   21,6   24,4  16:03   18,3  06:28    0,0    3,3    0,4    3,5   17,7  15:04    260
 21   22,3   25,2  14:18   18,7  06:06    0,0    4,0    0,0    3,3   17,7  15:44    258
 22   23,0   25,7  15:35   20,2  06:22    0,0    4,6    0,0    3,1   14,5  09:55    199
 23   23,7   26,2  16:12   20,8  06:48    0,0    5,4    0,0    3,5   22,5  16:49    235
 24   23,7   26,9  17:16   20,2  04:40    0,0    5,4    0,0    3,7   16,1  18:56    254
 25   24,0   27,0  17:58   20,8  07:08    0,0    5,7    0,0    4,1   17,7  04:15    192
 26   24,8   26,6  15:22   22,7  02:09    0,0    6,4    0,0    3,7   16,1  05:13    216
 27   24,3   26,1  18:03   22,2  06:55    0,0    6,0    0,0    4,1   12,9  14:40    209
 28   24,8   27,7  13:22   21,6  05:05    0,0    6,5    0,0    4,6   20,9  04:39    241
 29   24,6   26,7  17:59   21,9  04:37    0,0    6,2    0,0    5,9   22,5  18:42    194
 30   24,6   26,6  17:42   23,2  07:04    0,0    6,3    0,0    3,3   17,7  00:14    210
---------------------------------------------------------------------------------------
      21,1   27,7     28   13,4     10    3,4   87,1   46,8    4,6   37,0     04    242
    