                   MONTHLY CLIMATOLOGICAL SUMMARY for de nov. 2019


NAME: Sant Pol de Mar                  
ELEV: 20 meters    LAT: 41-21.60 N    LONG: 002-22.20 E


                   TEMPERATURE (C), RAIN (mm), WIND SPEED (kph)

                                         HEAT   COOL         AVG
      MEAN                               DEG    DEG          WIND                   DOM
DAY   TEMP   HIGH   TIME    LOW   TIME   DAYS   DAYS   RAIN  SPEED   HIGH   TIME    DIR
---------------------------------------------------------------------------------------
 01   17,7   19,9  12:28   14,8  06:34    0,7    0,0    0,0    1,8   11,3  12:50      8
 02   19,4   23,2  16:23   15,6  07:10    0,0    1,0    0,0    5,0   29,0  02:25    269
 03   18,4   20,8  10:19   14,8  23:41    0,0    0,0    0,0    8,2   38,6  04:36    288
 04   18,6   24,0  13:58   13,1  01:48    0,0    0,3    0,0    8,2   41,8  12:11    272
 05   15,9   19,3  13:11   11,6  23:39    2,4    0,0    0,0    6,6   41,8  15:44    289
 06   14,5   18,8  14:00   10,3  05:51    3,9    0,0    0,0    6,1   25,7  00:18    329
 07   13,9   17,6  15:17   10,1  23:59    4,4    0,0    0,0    4,5   27,4  18:31    328
 08   11,9   16,0  15:06    7,9  07:43    6,5    0,0    0,0    5,9   25,7  23:59    318
 09   12,2   15,6  13:59    8,0  07:44    6,2    0,0    0,0    5,3   25,7  00:00    311
 10   11,4   14,6  16:27    8,8  06:56    7,0    0,0   12,4    5,9   37,0  19:45     12
 11   11,7   16,8  15:29    7,7  04:17    6,6    0,0    0,0    5,2   24,1  06:23    349
 12   12,8   15,9  14:42    9,3  07:11    5,6    0,0    0,0    6,0   27,4  02:01      3
 13   12,9   15,7  15:03   10,6  02:13    5,4    0,0    0,0    8,0   33,8  07:35      3
 14   10,7   15,2  11:41    6,3  22:24    7,6    0,0    4,6    5,8   37,0  12:13    352
 15    9,4   13,8  15:11    6,2  00:09    9,0    0,0    0,2    5,7   32,2  20:26    325
 16    9,9   13,9  16:05    6,7  03:40    8,4    0,0    0,0    5,6   30,6  15:41    331
 17   10,2   14,5  14:47    6,0  07:43    8,2    0,0    0,0    5,4   22,5  00:49    333
 18   11,1   14,0  16:05    8,8  23:41    7,2    0,0    0,0    8,6   48,3  12:58     28
 19   10,4   14,3  13:53    6,9  07:46    8,0    0,0    0,0    6,2   29,0  15:28    336
 20   11,2   14,7  14:10    7,1  04:28    7,1    0,0    0,0    6,3   22,5  16:32    308
 21   12,8   15,9  13:44   10,7  04:32    5,6    0,0    0,0    6,0   24,1  12:53    294
 22   14,0   16,9  14:43    9,9  05:27    4,4    0,0   10,4    4,8   37,0  20:35    237
 23   14,3   17,7  15:32   10,7  07:55    4,0    0,0    2,8    6,2   41,8  00:20    302
 24   13,3   17,1  14:35   10,1  07:51    5,0    0,0    0,0    4,5   14,5  11:52    354
 25   12,4   16,5  13:21    9,1  07:32    5,9    0,0    0,0    4,6   17,7  00:38    344
 26   14,0   18,3  12:27   10,0  07:00    4,3    0,0    0,0    5,7   30,6  13:25    265
 27   15,8   19,7  11:26   12,8  03:26    2,6    0,0    0,0    4,9   29,0  08:06    333
 28   16,2   20,2  14:23   11,3  06:58    2,1    0,0    0,0    6,2   30,6  12:40    277
 29   15,1   17,0  11:56   12,9  07:27    3,3    0,0    0,0    3,6   20,9  00:34    354
 30   14,7   17,4  13:40   12,2  07:29    3,6    0,0    0,0    3,9   22,5  14:30    262
---------------------------------------------------------------------------------------
      13,6   24,0     04    6,0     17  144,7    1,4   30,4    5,7   48,3     18    322
    