                   MONTHLY CLIMATOLOGICAL SUMMARY for de nov. 2020


NAME: Sant Pol de Mar                  
ELEV: 20 meters    LAT: 41-21.60 N    LONG: 002-22.20 E


                   TEMPERATURE (?C), RAIN (mm), WIND SPEED (kph)

                                         HEAT   COOL         AVG
      MEAN                               DEG    DEG          WIND                   DOM
DAY   TEMP   HIGH   TIME    LOW   TIME   DAYS   DAYS   RAIN  SPEED   HIGH   TIME    DIR
---------------------------------------------------------------------------------------
 01   17,2   20,9  14:12   14,2  07:35    1,1    0,0    0,0    2,6   14,5  10:54    107
 02   18,1   20,9  13:59   15,1  06:32    0,3    0,0    0,0    3,7   20,9  11:31    265
 03   16,7   18,4  12:32   14,8  07:26    1,6    0,0    0,0    2,4   20,9  20:34     61
 04   14,9   16,6  16:02   12,9  05:10    3,4    0,0    0,4    6,8   48,3  22:28     40
 05   16,4   18,6  14:20   14,5  03:13    2,0    0,0    0,0   16,6   45,1  00:00     27
 06   17,6   18,9  15:33   16,1  07:13    0,7    0,0    0,0   12,6   33,8  00:15     33
 07   17,7   19,4  16:22   16,1  19:36    0,6    0,0    4,0    9,1   41,8  07:30     27
 08   16,4   20,3  12:52   12,7  07:20    1,9    0,0    0,0    3,2   14,5  14:25    335
 09   16,3   20,4  14:45   12,9  02:44    2,1    0,0    0,0    3,3   14,5  23:48    318
 10   16,3   20,7  13:40   12,8  06:48    2,1    0,0    0,0    2,9   14,5  22:00    306
 11   16,2   19,8  13:09   12,6  05:51    2,2    0,0    0,0    5,1   27,4  15:28    283
 12   15,3   17,2  11:27   13,4  07:24    3,1    0,0    0,0    3,3   19,3  02:19    339
 13   15,6   18,7  15:10   12,7  04:48    2,7    0,0    0,0    3,2   11,3  09:14     52
 14   16,3   18,9  15:38   13,8  07:38    2,1    0,0    0,0    2,8   12,9  02:44      0
 15   17,4   19,8  14:46   14,6  07:07    0,9    0,0    0,0    5,4   29,0  15:57    264
 16   16,4   17,8  03:08   15,4  22:43    2,0    0,0    0,0    3,1   24,1  02:52     24
 17   15,0   18,9  15:14   12,5  05:29    3,3    0,0    0,0    3,8   14,5  04:26    332
 18   14,8   18,1  15:06   12,3  04:35    3,5    0,0    0,0    3,4   11,3  19:11    311
 19   15,6   20,7  14:56   12,4  06:49    2,7    0,0    0,0    4,1   17,7  15:05    341
 20   13,4   16,8  16:04   11,2  06:36    4,9    0,0    0,0    4,8   22,5  00:37    344
 21   11,8   15,7  14:26    9,0  22:00    6,6    0,0    0,0    6,6   33,8  11:59     16
 22   11,1   14,9  16:27    7,8  02:14    7,3    0,0    0,0    4,4   14,5  05:51    347
 23   12,8   16,7  16:17    9,8  07:17    5,5    0,0    0,0    4,1   14,5  16:23    339
 24   13,1   17,2  15:10    9,2  06:34    5,2    0,0    0,0    5,1   22,5  15:26    317
 25   14,8   18,7  15:22   12,8  06:46    3,5    0,0    0,8    2,8   25,7  22:48    305
 26   16,0   18,9  12:23   13,6  01:01    2,4    0,0    8,0    5,7   24,1  18:29     36
 27   15,9   17,2  13:41   13,8  23:46    2,4    0,0   13,0   11,7   40,2  16:12     49
 28   13,9   15,3  15:46   12,3  10:12    4,4    0,0   20,6   17,1   49,9  10:47     31
 29   16,3   19,8  14:58   12,6  23:59    2,0    0,0    0,2    7,4   41,8  00:38     20
 30   13,2   14,9  10:43   10,7  08:11    5,1    0,0    0,0    3,3   12,9  00:25    273
---------------------------------------------------------------------------------------
      15,4   20,9     02    7,8     22   87,5    0,0   47,0    5,7   49,9     28     15
    