                   MONTHLY CLIMATOLOGICAL SUMMARY for dag. 2020


NAME: Sant Pol de Mar                  
ELEV: 20 meters    LAT: 41-21.60 N    LONG: 002-22.20 E


                   TEMPERATURE (C), RAIN (mm), WIND SPEED (kph)

                                         HEAT   COOL         AVG
      MEAN                               DEG    DEG          WIND                   DOM
DAY   TEMP   HIGH   TIME    LOW   TIME   DAYS   DAYS   RAIN  SPEED   HIGH   TIME    DIR
---------------------------------------------------------------------------------------
 01   28,1   31,7  17:09   24,5  06:41    0,0    9,8    0,0    3,9   17,7  23:21    225
 02   26,9   28,6  10:22   24,9  06:29    0,0    8,5    0,2    8,5   24,1  16:05    176
 03   23,9   27,4  15:48   20,1  06:43    0,0    5,5   18,0    3,9   17,7  02:00    211
 04   23,2   26,0  14:54   19,6  09:12    0,0    4,9    5,6    5,3   20,9  15:10    301
 05   24,7   26,8  09:33   22,3  06:03    0,0    6,3    0,0    6,1   20,9  16:43    197
 06   25,8   29,3  16:17   21,8  07:15    0,0    7,5    0,0    4,9   24,1  04:22    271
 07   26,4   29,6  16:22   22,6  06:53    0,0    8,1    0,0    4,9   24,1  13:54    265
 08   26,4   29,8  16:32   23,2  05:30    0,0    8,1    0,0    4,0   19,3  17:19    261
 09   26,8   29,4  10:20   24,0  06:20    0,0    8,4    0,0    3,6   16,1  13:27    175
 10   26,9   29,8  14:42   23,7  06:25    0,0    8,6    0,0    4,2   20,9  17:09    281
 11   26,9   30,7  16:25   23,8  06:26    0,0    8,6    0,0    3,4   16,1  07:12    275
 12   27,5   30,7  16:57   25,2  01:03    0,0    9,2    0,0    4,5   19,3  13:35    100
 13   26,9   28,7  16:38   25,1  06:53    0,0    8,6    0,0    4,5   22,5  23:07    134
 14   26,0   28,5  11:13   24,0  06:47    0,0    7,7    0,0    4,7   20,9  00:11    202
 15   26,6   29,2  16:22   23,7  07:35    0,0    8,3    0,0    5,6   20,9  13:28    251
 16   25,7   27,3  14:48   23,7  07:45    0,0    7,3    0,0    5,8   27,4  12:37    130
 17   25,7   27,9  12:29   22,2  07:23    0,0    7,4    0,0    5,7   24,1  01:42    297
 18   25,5   27,6  13:29   23,5  23:52    0,0    7,2    0,0    4,4   24,1  05:41     33
 19   26,3   29,8  16:29   22,2  05:55    0,0    8,0    0,0    6,0   24,1  14:00    257
 20   27,0   30,4  16:25   23,9  03:14    0,0    8,7    0,0    3,7   14,5  00:00    254
 21   27,1   29,4  15:38   23,9  07:20    0,0    8,8    0,0    4,5   16,1  14:21    139
 22   27,7   30,5  11:09   25,1  23:48    0,0    9,4    0,0    5,4   27,4  07:13     87
 23   25,5   28,1  13:54   23,4  04:30    0,0    7,2    0,0    4,0   25,7  17:47    204
 24   25,7   28,0  14:00   22,4  06:58    0,0    7,4    0,2    5,0   22,5  16:55    261
 25   26,7   29,8  14:29   23,1  04:59    0,0    8,4    0,0    7,0   29,0  13:37    247
 26   27,1   30,3  16:05   23,8  07:12    0,0    8,7    0,0    4,5   24,1  18:39    227
 27   26,9   29,8  15:49   24,2  07:22    0,0    8,6    0,0    4,0   19,3  13:26    240
 28   26,2   29,4  11:29   21,9  23:45    0,0    7,8    0,0    7,0   54,7  23:44     40
 29   19,1   22,5  16:44   16,7  06:48    0,0    0,8    8,4   11,1   56,3  04:02     20
 30   20,1   24,8  15:01   16,3  06:29    0,0    1,7   12,2    8,7   41,8  20:06    353
 31   20,9   25,1  17:10   15,4  04:40    0,0    2,5    0,0    6,0   27,4  14:00    280
---------------------------------------------------------------------------------------
      25,7   31,7     01   15,4     31    0,0  227,8   44,6    5,3   56,3     29    258
    