                   MONTHLY CLIMATOLOGICAL SUMMARY for de maig 2021


NAME: Sant Pol de Mar                  
ELEV: 20 meters    LAT: 41-21.60 N    LONG: 002-22.20 E


                   TEMPERATURE (C), RAIN (mm), WIND SPEED (kph)

                                         HEAT   COOL         AVG
      MEAN                               DEG    DEG          WIND                   DOM
DAY   TEMP   HIGH   TIME    LOW   TIME   DAYS   DAYS   RAIN  SPEED   HIGH   TIME    DIR
---------------------------------------------------------------------------------------
 01   14,0   15,8  00:00   12,4  23:53    4,4    0,0   27,0    9,2   41,8  08:17     73
 02   13,4   15,1  10:11   10,8  23:58    5,0    0,0    0,6    6,2   24,1  01:28     53
 03   14,0   17,6  11:29   10,2  06:39    4,3    0,0    0,0    5,4   27,4  10:19     85
 04   15,6   18,4  16:12   11,3  06:41    2,8    0,0    0,0    4,7   17,7  03:29    273
 05   15,9   18,6  11:35   13,3  05:57    2,4    0,0    0,0    4,3   14,5  02:00    191
 06   17,0   20,2  15:34   13,5  04:40    1,3    0,0    0,0    4,5   25,7  12:09    256
 07   17,0   20,1  19:54   14,1  05:30    1,3    0,0    0,0    3,0   19,3  09:12     81
 08   18,5   21,4  15:27   15,8  06:54    0,0    0,2    0,0    4,6   19,3  10:54    278
 09   18,0   21,1  13:23   14,9  06:12    0,3    0,0    0,0    5,3   33,8  15:02     64
 10   17,3   19,7  16:32   15,6  23:55    1,1    0,0    0,0    2,6   22,5  20:40    232
 11   15,4   17,3  18:46   12,7  23:44    2,9    0,0    0,2    5,9   38,6  15:47     63
 12   16,1   20,6  18:52   12,2  06:20    2,2    0,0    0,0    6,2   35,4  15:40    282
 13   16,7   20,1  15:58   14,0  03:32    1,6    0,0    0,0    5,0   33,8  18:43    225
 14   16,0   17,3  13:46   13,6  11:02    2,4    0,0    4,2    2,8   19,3  04:35    218
 15
 16
 17
 18
 19
 20
 21
 22
 23
 24
 25
 26
 27
 28
 29
 30
 31
---------------------------------------------------------------------------------------
      16,1   21,4     08   10,2     03   32,0    0,2   32,0    5,0   41,8     01    283
    