                     CLIMATOLOGICAL SUMMARY for year 2017


NAME: Sant Pol de Mar                  
ELEV: 20 meters    LAT: 41-21.60 N    LONG: 002-22.20 E


                                       TEMPERATURE (C)

                              HEAT    COOL                              MAX    MAX    MIN    MIN
          MEAN   MEAN         DEG     DEG                                >=     <=     <=     <=
 YR  MO   MAX    MIN    MEAN  DAYS    DAYS      HI  DAY     LOW  DAY     30      0      0    -20
------------------------------------------------------------------------------------------------
2017 01   11.8    6.5    9.1  157.3    0.0    14.8   30     0.8   18      0      0      0      0
2017 02   15.6    9.7   12.6  160.0    0.0    20.0   04     5.4   09      0      0      0      0
2017 03   17.4   10.4   13.8  140.4    0.0    25.1   06     6.2   25      0      0      0      0
2017 04   18.0   11.3   14.8  109.8    0.0    22.2   14     5.8   28      0      0      0      0
2017 05   21.4   15.3   18.4   28.2   30.0    25.8   25     9.6   01      0      0      0      0
2017 06   26.7   20.4   23.5    0.0  155.3    31.6   28    17.2   29      1      0      0      0
2017 07   27.3   21.8   24.7    0.0  196.5    32.3   08    17.2   01      1      0      0      0
2017 08   27.8   22.5   25.3    0.0  216.3    31.7   05    18.0   10      5      0      0      0
2017 09   23.8   17.6   20.9    4.1   81.0    27.7   05    12.9   16      0      0      0      0
2017 10   22.9   17.0   19.8    5.6   52.4    25.4   05    13.9   23      0      0      0      0
2017 11   17.6   10.4   13.8  138.2    1.6    22.3   04     5.6   30      0      0      0      0
2017 12   13.9    7.2   10.5  244.0    0.0    19.5   30     2.1   02      0      0      0      0
------------------------------------------------------------------------------------------------
          20.7   14.5   17.6  987.5  733.2    32.3  Jul     0.8  Jan      7      0      0      0


                  PRECIPITATION (cm)

                  MAX         ---DAYS OF RAIN---
                  OBS.               OVER
 YR  MO  TOTAL    DAY  DATE   0.03   0.30   3.00
------------------------------------------------
2017 01   0.56   0.32    28      4      1      0
2017 02   2.18   0.64    13      6      4      0
2017 03   4.90   3.00    25      4      3      1
2017 04   2.00   0.96    01      5      2      0
2017 05   0.82   0.40    11      4      1      0
2017 06   0.56   0.42    28      3      1      0
2017 07   0.24   0.10    20      3      0      0
2017 08   0.72   0.44    12      4      1      0
2017 09   7.38   2.16    07     13      6      0
2017 10   4.50   3.70    19      5      2      1
2017 11   1.28   0.52    05      4      2      0
2017 12   1.22   0.50    01      7      1      0
------------------------------------------------
         26.36   3.70   Oct     62     24      2


           WIND SPEED (kph)

                                DOM
 YR  MO    AVG     HI   DATE    DIR
-----------------------------------
2017 01   11.5   77.2     23     24 
2017 02    5.9   62.8     06    344 
2017 03    4.9   67.6     04    307 
2017 04    5.3   53.1     19    317 
2017 05    4.6   33.8     12    180 
2017 06    4.4   51.5     30    221 
2017 07    5.1   53.1     20    148 
2017 08    5.1   37.0     09    219 
2017 09    5.9   45.1     25    359 
2017 10    4.7   45.1     07    349 
2017 11    5.2   49.9     06    347 
2017 12    5.7   59.5     19    334 
-----------------------------------
           5.5   77.2    Jan    346
